#Residue Chain TotalDensity HighlyFrustratedDensity NeutrallyFrustratedDensity MinimallyFrustratedDensity relHighlyFrustratedDensity relNeutrallyFrustratedDensity relMinimallyFrustratedDensity
1 B 4 0 3 1 0 0.75 0.25
2 B 12 0 9 3 0 0.75 0.25
3 B 17 0 14 3 0 0.823529411764706 0.176470588235294
4 B 13 5 6 2 0.384615384615385 0.461538461538462 0.153846153846154
5 B 17 6 10 1 0.352941176470588 0.588235294117647 0.0588235294117647
6 B 9 4 4 1 0.444444444444444 0.444444444444444 0.111111111111111
7 B 13 2 7 4 0.153846153846154 0.538461538461538 0.307692307692308
8 B 28 4 15 9 0.142857142857143 0.535714285714286 0.321428571428571
9 B 16 1 8 7 0.0625 0.5 0.4375
10 B 32 2 22 8 0.0625 0.6875 0.25
11 B 33 2 22 9 0.0606060606060606 0.666666666666667 0.272727272727273
12 B 32 2 19 11 0.0625 0.59375 0.34375
13 B 32 1 21 10 0.03125 0.65625 0.3125
14 B 32 6 18 8 0.1875 0.5625 0.25
15 B 24 3 14 7 0.125 0.583333333333333 0.291666666666667
16 B 21 1 14 6 0.0476190476190476 0.666666666666667 0.285714285714286
17 B 26 0 22 4 0 0.846153846153846 0.153846153846154
18 B 27 0 22 5 0 0.814814814814815 0.185185185185185
19 B 33 0 26 7 0 0.787878787878788 0.212121212121212
20 B 41 0 26 15 0 0.634146341463415 0.365853658536585
21 B 15 0 10 5 0 0.666666666666667 0.333333333333333
22 B 21 0 15 6 0 0.714285714285714 0.285714285714286
23 B 26 0 15 11 0 0.576923076923077 0.423076923076923
24 B 18 0 13 5 0 0.722222222222222 0.277777777777778
25 B 23 3 17 3 0.130434782608696 0.739130434782609 0.130434782608696
26 B 35 5 23 7 0.142857142857143 0.657142857142857 0.2
27 B 23 6 14 3 0.260869565217391 0.608695652173913 0.130434782608696
28 B 17 7 9 1 0.411764705882353 0.529411764705882 0.0588235294117647
29 B 25 9 13 3 0.36 0.52 0.12
30 B 29 10 14 5 0.344827586206897 0.482758620689655 0.172413793103448
31 B 17 10 5 2 0.588235294117647 0.294117647058824 0.117647058823529
32 B 16 4 9 3 0.25 0.5625 0.1875
33 B 26 4 13 9 0.153846153846154 0.5 0.346153846153846
34 B 23 4 12 7 0.173913043478261 0.521739130434783 0.304347826086957
35 B 14 6 7 1 0.428571428571429 0.5 0.0714285714285714
36 B 24 3 11 10 0.125 0.458333333333333 0.416666666666667
37 B 27 2 17 8 0.0740740740740741 0.62962962962963 0.296296296296296
38 B 12 3 9 0 0.25 0.75 0
39 B 10 3 7 0 0.3 0.7 0
40 B 15 1 11 3 0.0666666666666667 0.733333333333333 0.2
41 B 18 1 13 4 0.0555555555555556 0.722222222222222 0.222222222222222
42 B 26 0 14 12 0 0.538461538461538 0.461538461538462
43 B 17 1 11 5 0.0588235294117647 0.647058823529412 0.294117647058824
44 B 32 2 23 7 0.0625 0.71875 0.21875
45 B 35 1 18 16 0.0285714285714286 0.514285714285714 0.457142857142857
46 B 44 0 17 27 0 0.386363636363636 0.613636363636364
47 B 42 0 20 22 0 0.476190476190476 0.523809523809524
48 B 43 1 26 16 0.0232558139534884 0.604651162790698 0.372093023255814
49 B 31 0 24 7 0 0.774193548387097 0.225806451612903
50 B 20 1 12 7 0.05 0.6 0.35
51 B 25 1 19 5 0.04 0.76 0.2
52 B 31 2 19 10 0.0645161290322581 0.612903225806452 0.32258064516129
53 B 39 1 27 11 0.0256410256410256 0.692307692307692 0.282051282051282
54 B 38 0 31 7 0 0.815789473684211 0.184210526315789
55 B 39 0 28 11 0 0.717948717948718 0.282051282051282
56 B 40 0 30 10 0 0.75 0.25
57 B 30 1 25 4 0.0333333333333333 0.833333333333333 0.133333333333333
58 B 28 1 23 4 0.0357142857142857 0.821428571428571 0.142857142857143
59 B 33 1 19 13 0.0303030303030303 0.575757575757576 0.393939393939394
60 B 36 1 19 16 0.0277777777777778 0.527777777777778 0.444444444444444
61 B 28 4 17 7 0.142857142857143 0.607142857142857 0.25
62 B 36 3 24 9 0.0833333333333333 0.666666666666667 0.25
63 B 37 0 21 16 0 0.567567567567568 0.432432432432432
64 B 43 2 21 20 0.0465116279069767 0.488372093023256 0.465116279069767
65 B 20 1 14 5 0.05 0.7 0.25
66 B 22 0 15 7 0 0.681818181818182 0.318181818181818
67 B 28 0 16 12 0 0.571428571428571 0.428571428571429
68 B 16 0 9 7 0 0.5625 0.4375
69 B 33 0 21 12 0 0.636363636363636 0.363636363636364
70 B 24 0 17 7 0 0.708333333333333 0.291666666666667
71 B 27 0 12 15 0 0.444444444444444 0.555555555555556
72 B 19 0 6 13 0 0.315789473684211 0.684210526315789
73 B 18 2 3 13 0.111111111111111 0.166666666666667 0.722222222222222
74 B 25 1 14 10 0.04 0.56 0.4
75 B 36 3 28 5 0.0833333333333333 0.777777777777778 0.138888888888889
76 B 49 3 37 9 0.0612244897959184 0.755102040816326 0.183673469387755
77 B 35 2 25 8 0.0571428571428571 0.714285714285714 0.228571428571429
78 B 21 3 12 6 0.142857142857143 0.571428571428571 0.285714285714286
79 B 35 4 19 12 0.114285714285714 0.542857142857143 0.342857142857143
80 B 28 2 16 10 0.0714285714285714 0.571428571428571 0.357142857142857
81 B 27 2 18 7 0.0740740740740741 0.666666666666667 0.259259259259259
82 B 17 4 11 2 0.235294117647059 0.647058823529412 0.117647058823529
83 B 29 7 16 6 0.241379310344828 0.551724137931034 0.206896551724138
84 B 32 5 17 10 0.15625 0.53125 0.3125
85 B 20 6 13 1 0.3 0.65 0.05
86 B 18 9 9 0 0.5 0.5 0
87 B 18 7 9 2 0.388888888888889 0.5 0.111111111111111
88 B 34 5 21 8 0.147058823529412 0.617647058823529 0.235294117647059
89 B 25 10 12 3 0.4 0.48 0.12
90 B 17 7 10 0 0.411764705882353 0.588235294117647 0
91 B 23 2 16 5 0.0869565217391304 0.695652173913043 0.217391304347826
92 B 31 5 21 5 0.161290322580645 0.67741935483871 0.161290322580645
93 B 13 4 9 0 0.307692307692308 0.692307692307692 0
94 B 10 3 7 0 0.3 0.7 0
95 B 3 1 2 0 0.333333333333333 0.666666666666667 0
96 B 9 0 9 0 0 1 0
97 B 5 0 5 0 0 1 0
98 B 7 0 6 1 0 0.857142857142857 0.142857142857143
99 B 11 0 10 1 0 0.909090909090909 0.0909090909090909
100 B 21 0 17 4 0 0.80952380952381 0.19047619047619
101 B 28 0 25 3 0 0.892857142857143 0.107142857142857
102 B 37 0 32 5 0 0.864864864864865 0.135135135135135
103 B 45 0 26 19 0 0.577777777777778 0.422222222222222
104 B 33 0 7 26 0 0.212121212121212 0.787878787878788
105 B 37 1 9 27 0.027027027027027 0.243243243243243 0.72972972972973
106 B 44 1 23 20 0.0227272727272727 0.522727272727273 0.454545454545455
107 B 47 2 38 7 0.0425531914893617 0.808510638297872 0.148936170212766
108 B 38 2 32 4 0.0526315789473684 0.842105263157895 0.105263157894737
109 B 39 2 27 10 0.0512820512820513 0.692307692307692 0.256410256410256
110 B 37 2 24 11 0.0540540540540541 0.648648648648649 0.297297297297297
111 B 25 2 18 5 0.08 0.72 0.2
112 B 17 1 13 3 0.0588235294117647 0.764705882352941 0.176470588235294
113 B 13 1 11 1 0.0769230769230769 0.846153846153846 0.0769230769230769
114 B 26 1 21 4 0.0384615384615385 0.807692307692308 0.153846153846154
115 B 25 0 19 6 0 0.76 0.24
116 B 18 0 12 6 0 0.666666666666667 0.333333333333333
117 B 34 0 20 14 0 0.588235294117647 0.411764705882353
118 B 36 1 21 14 0.0277777777777778 0.583333333333333 0.388888888888889
119 B 25 1 14 10 0.04 0.56 0.4
120 B 23 1 12 10 0.0434782608695652 0.521739130434783 0.434782608695652
121 B 27 0 12 15 0 0.444444444444444 0.555555555555556
122 B 24 1 17 6 0.0416666666666667 0.708333333333333 0.25
123 B 16 2 11 3 0.125 0.6875 0.1875
124 B 21 3 12 6 0.142857142857143 0.571428571428571 0.285714285714286
125 B 25 4 16 5 0.16 0.64 0.2
126 B 14 6 6 2 0.428571428571429 0.428571428571429 0.142857142857143
127 B 13 5 8 0 0.384615384615385 0.615384615384615 0
128 B 22 5 15 2 0.227272727272727 0.681818181818182 0.0909090909090909
129 B 21 6 14 1 0.285714285714286 0.666666666666667 0.0476190476190476
130 B 5 2 3 0 0.4 0.6 0
131 B 17 2 12 3 0.117647058823529 0.705882352941177 0.176470588235294
132 B 30 1 25 4 0.0333333333333333 0.833333333333333 0.133333333333333
133 B 31 0 25 6 0 0.806451612903226 0.193548387096774
134 B 31 0 14 17 0 0.451612903225806 0.548387096774194
135 B 36 0 10 26 0 0.277777777777778 0.722222222222222
136 B 38 0 17 21 0 0.447368421052632 0.552631578947368
137 B 51 0 37 14 0 0.725490196078431 0.274509803921569
138 B 42 2 29 11 0.0476190476190476 0.69047619047619 0.261904761904762
139 B 28 1 21 6 0.0357142857142857 0.75 0.214285714285714
140 B 26 1 17 8 0.0384615384615385 0.653846153846154 0.307692307692308
141 B 35 2 20 13 0.0571428571428571 0.571428571428571 0.371428571428571
142 B 16 0 12 4 0 0.75 0.25
143 B 32 1 24 7 0.03125 0.75 0.21875
144 B 35 1 20 14 0.0285714285714286 0.571428571428571 0.4
145 B 25 1 16 8 0.04 0.64 0.32
146 B 14 3 8 3 0.214285714285714 0.571428571428571 0.214285714285714
147 B 22 3 13 6 0.136363636363636 0.590909090909091 0.272727272727273
148 B 37 1 23 13 0.027027027027027 0.621621621621622 0.351351351351351
149 B 29 2 15 12 0.0689655172413793 0.517241379310345 0.413793103448276
150 B 11 2 7 2 0.181818181818182 0.636363636363636 0.181818181818182
151 B 14 1 10 3 0.0714285714285714 0.714285714285714 0.214285714285714
152 B 24 1 15 8 0.0416666666666667 0.625 0.333333333333333
153 B 15 1 7 7 0.0666666666666667 0.466666666666667 0.466666666666667
154 B 21 0 10 11 0 0.476190476190476 0.523809523809524
155 B 20 0 7 13 0 0.35 0.65
156 B 17 0 9 8 0 0.529411764705882 0.470588235294118
157 B 38 0 28 10 0 0.736842105263158 0.263157894736842
158 B 37 0 36 1 0 0.972972972972973 0.027027027027027
159 B 16 0 15 1 0 0.9375 0.0625
160 B 23 1 17 5 0.0434782608695652 0.739130434782609 0.217391304347826
161 B 16 4 7 5 0.25 0.4375 0.3125
162 B 14 5 6 3 0.357142857142857 0.428571428571429 0.214285714285714
163 B 18 7 7 4 0.388888888888889 0.388888888888889 0.222222222222222
164 B 34 8 17 9 0.235294117647059 0.5 0.264705882352941
165 B 28 8 9 11 0.285714285714286 0.321428571428571 0.392857142857143
166 B 16 7 5 4 0.4375 0.3125 0.25
167 B 18 3 11 4 0.166666666666667 0.611111111111111 0.222222222222222
168 B 30 3 16 11 0.1 0.533333333333333 0.366666666666667
169 B 30 4 13 13 0.133333333333333 0.433333333333333 0.433333333333333
170 B 18 3 13 2 0.166666666666667 0.722222222222222 0.111111111111111
171 B 22 2 17 3 0.0909090909090909 0.772727272727273 0.136363636363636
172 B 34 0 19 15 0 0.558823529411765 0.441176470588235
173 B 31 2 14 15 0.0645161290322581 0.451612903225806 0.483870967741935
174 B 15 1 10 4 0.0666666666666667 0.666666666666667 0.266666666666667
175 B 19 0 13 6 0 0.684210526315789 0.315789473684211
176 B 33 0 13 20 0 0.393939393939394 0.606060606060606
177 B 25 0 16 9 0 0.64 0.36
178 B 17 2 9 6 0.117647058823529 0.529411764705882 0.352941176470588
179 B 26 5 11 10 0.192307692307692 0.423076923076923 0.384615384615385
180 B 34 6 22 6 0.176470588235294 0.647058823529412 0.176470588235294
181 B 16 3 11 2 0.1875 0.6875 0.125
182 B 11 4 6 1 0.363636363636364 0.545454545454545 0.0909090909090909
183 B 14 6 6 2 0.428571428571429 0.428571428571429 0.142857142857143
184 B 12 3 8 1 0.25 0.666666666666667 0.0833333333333333
185 B 28 3 21 4 0.107142857142857 0.75 0.142857142857143
186 B 20 0 12 8 0 0.6 0.4
187 B 24 1 10 13 0.0416666666666667 0.416666666666667 0.541666666666667
188 B 18 2 9 7 0.111111111111111 0.5 0.388888888888889
189 B 26 4 14 8 0.153846153846154 0.538461538461538 0.307692307692308
190 B 20 1 11 8 0.05 0.55 0.4
191 B 21 2 12 7 0.0952380952380952 0.571428571428571 0.333333333333333
192 B 43 3 14 26 0.0697674418604651 0.325581395348837 0.604651162790698
193 B 34 0 9 25 0 0.264705882352941 0.735294117647059
194 B 25 0 14 11 0 0.56 0.44
195 B 27 2 14 11 0.0740740740740741 0.518518518518518 0.407407407407407
196 B 38 3 17 18 0.0789473684210526 0.447368421052632 0.473684210526316
197 B 41 2 21 18 0.0487804878048781 0.51219512195122 0.439024390243902
198 B 19 1 13 5 0.0526315789473684 0.684210526315789 0.263157894736842
199 B 17 3 11 3 0.176470588235294 0.647058823529412 0.176470588235294
200 B 25 3 19 3 0.12 0.76 0.12
201 B 24 1 17 6 0.0416666666666667 0.708333333333333 0.25
202 B 24 0 21 3 0 0.875 0.125
203 B 39 1 31 7 0.0256410256410256 0.794871794871795 0.179487179487179
204 B 36 0 23 13 0 0.638888888888889 0.361111111111111
205 B 38 0 21 17 0 0.552631578947368 0.447368421052632
206 B 38 1 23 14 0.0263157894736842 0.605263157894737 0.368421052631579
207 B 48 2 27 19 0.0416666666666667 0.5625 0.395833333333333
208 B 40 1 18 21 0.025 0.45 0.525
209 B 39 0 24 15 0 0.615384615384615 0.384615384615385
210 B 29 2 15 12 0.0689655172413793 0.517241379310345 0.413793103448276
211 B 35 1 15 19 0.0285714285714286 0.428571428571429 0.542857142857143
212 B 25 2 15 8 0.08 0.6 0.32
213 B 25 1 16 8 0.04 0.64 0.32
214 B 21 2 8 11 0.0952380952380952 0.380952380952381 0.523809523809524
215 B 28 2 19 7 0.0714285714285714 0.678571428571429 0.25
216 B 14 1 13 0 0.0714285714285714 0.928571428571429 0
217 B 10 2 8 0 0.2 0.8 0
218 B 19 1 15 3 0.0526315789473684 0.789473684210526 0.157894736842105
219 B 29 2 16 11 0.0689655172413793 0.551724137931034 0.379310344827586
220 B 48 5 22 21 0.104166666666667 0.458333333333333 0.4375
221 B 34 6 18 10 0.176470588235294 0.529411764705882 0.294117647058824
222 B 26 4 19 3 0.153846153846154 0.730769230769231 0.115384615384615
223 B 20 3 14 3 0.15 0.7 0.15
224 B 39 3 18 18 0.0769230769230769 0.461538461538462 0.461538461538462
225 B 42 3 21 18 0.0714285714285714 0.5 0.428571428571429
226 B 17 4 10 3 0.235294117647059 0.588235294117647 0.176470588235294
227 B 19 5 8 6 0.263157894736842 0.421052631578947 0.315789473684211
228 B 23 1 10 12 0.0434782608695652 0.434782608695652 0.521739130434783
229 B 13 1 8 4 0.0769230769230769 0.615384615384615 0.307692307692308
230 B 9 3 5 1 0.333333333333333 0.555555555555556 0.111111111111111
231 B 8 3 5 0 0.375 0.625 0
232 B 13 2 8 3 0.153846153846154 0.615384615384615 0.230769230769231
233 B 13 1 10 2 0.0769230769230769 0.769230769230769 0.153846153846154
234 B 15 4 10 1 0.266666666666667 0.666666666666667 0.0666666666666667
235 B 22 2 14 6 0.0909090909090909 0.636363636363636 0.272727272727273
236 B 17 6 8 3 0.352941176470588 0.470588235294118 0.176470588235294
237 B 17 6 9 2 0.352941176470588 0.529411764705882 0.117647058823529
238 B 27 6 12 9 0.222222222222222 0.444444444444444 0.333333333333333
239 B 26 5 11 10 0.192307692307692 0.423076923076923 0.384615384615385
240 B 19 8 7 4 0.421052631578947 0.368421052631579 0.210526315789474
241 B 36 13 19 4 0.361111111111111 0.527777777777778 0.111111111111111
242 B 34 2 18 14 0.0588235294117647 0.529411764705882 0.411764705882353
243 B 18 2 10 6 0.111111111111111 0.555555555555556 0.333333333333333
244 B 15 4 9 2 0.266666666666667 0.6 0.133333333333333
245 B 22 2 16 4 0.0909090909090909 0.727272727272727 0.181818181818182
246 B 26 7 16 3 0.269230769230769 0.615384615384615 0.115384615384615
247 B 28 2 17 9 0.0714285714285714 0.607142857142857 0.321428571428571
248 B 19 7 10 2 0.368421052631579 0.526315789473684 0.105263157894737
249 B 28 12 14 2 0.428571428571429 0.5 0.0714285714285714
250 B 43 8 24 11 0.186046511627907 0.558139534883721 0.255813953488372
251 B 25 3 16 6 0.12 0.64 0.24
252 B 13 5 7 1 0.384615384615385 0.538461538461538 0.0769230769230769
253 B 27 6 14 7 0.222222222222222 0.518518518518518 0.259259259259259
254 B 37 1 26 10 0.027027027027027 0.702702702702703 0.27027027027027
255 B 21 0 18 3 0 0.857142857142857 0.142857142857143
256 B 15 4 10 1 0.266666666666667 0.666666666666667 0.0666666666666667
257 B 22 4 17 1 0.181818181818182 0.772727272727273 0.0454545454545455
258 B 32 1 27 4 0.03125 0.84375 0.125
259 B 15 0 15 0 0 1 0
260 B 27 5 20 2 0.185185185185185 0.740740740740741 0.0740740740740741
261 B 27 6 16 5 0.222222222222222 0.592592592592593 0.185185185185185
262 B 17 4 10 3 0.235294117647059 0.588235294117647 0.176470588235294
263 B 22 7 11 4 0.318181818181818 0.5 0.181818181818182
264 B 29 7 15 7 0.241379310344828 0.517241379310345 0.241379310344828
265 B 30 5 16 9 0.166666666666667 0.533333333333333 0.3
266 B 20 3 12 5 0.15 0.6 0.25
267 B 20 3 12 5 0.15 0.6 0.25
268 B 32 3 14 15 0.09375 0.4375 0.46875
269 B 24 4 14 6 0.166666666666667 0.583333333333333 0.25
270 B 15 3 9 3 0.2 0.6 0.2
271 B 20 3 13 4 0.15 0.65 0.2
272 B 29 2 18 9 0.0689655172413793 0.620689655172414 0.310344827586207
273 B 22 4 13 5 0.181818181818182 0.590909090909091 0.227272727272727
274 B 9 2 6 1 0.222222222222222 0.666666666666667 0.111111111111111
275 B 16 2 8 6 0.125 0.5 0.375
276 B 33 1 22 10 0.0303030303030303 0.666666666666667 0.303030303030303
277 B 27 2 18 7 0.0740740740740741 0.666666666666667 0.259259259259259
278 B 14 3 9 2 0.214285714285714 0.642857142857143 0.142857142857143
279 B 17 3 12 2 0.176470588235294 0.705882352941177 0.117647058823529
280 B 35 2 23 10 0.0571428571428571 0.657142857142857 0.285714285714286
281 B 31 4 20 7 0.129032258064516 0.645161290322581 0.225806451612903
282 B 15 4 9 2 0.266666666666667 0.6 0.133333333333333
283 B 21 2 14 5 0.0952380952380952 0.666666666666667 0.238095238095238
284 B 36 1 20 15 0.0277777777777778 0.555555555555556 0.416666666666667
285 B 21 4 12 5 0.19047619047619 0.571428571428571 0.238095238095238
286 B 15 6 8 1 0.4 0.533333333333333 0.0666666666666667
287 B 28 5 17 6 0.178571428571429 0.607142857142857 0.214285714285714
288 B 34 5 22 7 0.147058823529412 0.647058823529412 0.205882352941176
289 B 20 6 12 2 0.3 0.6 0.1
290 B 20 7 12 1 0.35 0.6 0.05
291 B 29 5 21 3 0.172413793103448 0.724137931034483 0.103448275862069
292 B 22 1 18 3 0.0454545454545455 0.818181818181818 0.136363636363636
293 B 17 3 9 5 0.176470588235294 0.529411764705882 0.294117647058824
294 B 26 2 15 9 0.0769230769230769 0.576923076923077 0.346153846153846
295 B 24 0 12 12 0 0.5 0.5
296 B 17 0 9 8 0 0.529411764705882 0.470588235294118
297 B 23 0 16 7 0 0.695652173913043 0.304347826086957
298 B 47 1 40 6 0.0212765957446809 0.851063829787234 0.127659574468085
299 B 34 0 29 5 0 0.852941176470588 0.147058823529412
300 B 39 0 32 7 0 0.82051282051282 0.179487179487179
301 B 29 0 22 7 0 0.758620689655172 0.241379310344828
302 B 33 0 24 9 0 0.727272727272727 0.272727272727273
303 B 47 0 34 13 0 0.723404255319149 0.276595744680851
304 B 51 1 40 10 0.0196078431372549 0.784313725490196 0.196078431372549
305 B 37 0 24 13 0 0.648648648648649 0.351351351351351
306 B 38 0 23 15 0 0.605263157894737 0.394736842105263
307 B 37 1 25 11 0.027027027027027 0.675675675675676 0.297297297297297
308 B 28 0 19 9 0 0.678571428571429 0.321428571428571
309 B 31 0 14 17 0 0.451612903225806 0.548387096774194
310 B 30 1 15 14 0.0333333333333333 0.5 0.466666666666667
311 B 23 1 14 8 0.0434782608695652 0.608695652173913 0.347826086956522
312 B 31 1 12 18 0.032258064516129 0.387096774193548 0.580645161290323
313 B 27 0 12 15 0 0.444444444444444 0.555555555555556
314 B 15 1 9 5 0.0666666666666667 0.6 0.333333333333333
315 B 16 1 8 7 0.0625 0.5 0.4375
316 B 26 0 12 14 0 0.461538461538462 0.538461538461538
317 B 17 0 11 6 0 0.647058823529412 0.352941176470588
318 B 20 1 12 7 0.05 0.6 0.35
319 B 9 1 5 3 0.111111111111111 0.555555555555556 0.333333333333333
0 C 3 1 2 0 0.333333333333333 0.666666666666667 0
1 C 6 1 4 1 0.166666666666667 0.666666666666667 0.166666666666667
2 C 14 2 7 5 0.142857142857143 0.5 0.357142857142857
3 C 18 0 13 5 0 0.722222222222222 0.277777777777778
4 C 13 4 7 2 0.307692307692308 0.538461538461538 0.153846153846154
5 C 20 5 11 4 0.25 0.55 0.2
6 C 6 2 3 1 0.333333333333333 0.5 0.166666666666667
7 C 13 1 8 4 0.0769230769230769 0.615384615384615 0.307692307692308
8 C 29 3 17 9 0.103448275862069 0.586206896551724 0.310344827586207
9 C 16 1 9 6 0.0625 0.5625 0.375
10 C 29 2 19 8 0.0689655172413793 0.655172413793103 0.275862068965517
11 C 34 3 21 10 0.0882352941176471 0.617647058823529 0.294117647058824
12 C 31 2 19 10 0.0645161290322581 0.612903225806452 0.32258064516129
13 C 35 3 22 10 0.0857142857142857 0.628571428571429 0.285714285714286
14 C 33 5 20 8 0.151515151515152 0.606060606060606 0.242424242424242
15 C 23 3 14 6 0.130434782608696 0.608695652173913 0.260869565217391
16 C 20 1 14 5 0.05 0.7 0.25
17 C 25 0 20 5 0 0.8 0.2
18 C 26 0 21 5 0 0.807692307692308 0.192307692307692
19 C 31 0 25 6 0 0.806451612903226 0.193548387096774
20 C 39 1 24 14 0.0256410256410256 0.615384615384615 0.358974358974359
21 C 14 2 8 4 0.142857142857143 0.571428571428571 0.285714285714286
22 C 23 1 17 5 0.0434782608695652 0.739130434782609 0.217391304347826
23 C 26 0 16 10 0 0.615384615384615 0.384615384615385
24 C 16 0 11 5 0 0.6875 0.3125
25 C 22 3 17 2 0.136363636363636 0.772727272727273 0.0909090909090909
26 C 35 5 24 6 0.142857142857143 0.685714285714286 0.171428571428571
27 C 24 6 15 3 0.25 0.625 0.125
28 C 22 8 12 2 0.363636363636364 0.545454545454545 0.0909090909090909
29 C 27 9 15 3 0.333333333333333 0.555555555555556 0.111111111111111
30 C 29 9 13 7 0.310344827586207 0.448275862068966 0.241379310344828
31 C 20 9 7 4 0.45 0.35 0.2
32 C 23 2 17 4 0.0869565217391304 0.739130434782609 0.173913043478261
33 C 25 2 14 9 0.08 0.56 0.36
34 C 22 4 10 8 0.181818181818182 0.454545454545455 0.363636363636364
35 C 20 5 13 2 0.25 0.65 0.1
36 C 27 3 17 7 0.111111111111111 0.62962962962963 0.259259259259259
37 C 27 2 17 8 0.0740740740740741 0.62962962962963 0.296296296296296
38 C 13 3 10 0 0.230769230769231 0.769230769230769 0
39 C 13 3 9 1 0.230769230769231 0.692307692307692 0.0769230769230769
40 C 17 1 13 3 0.0588235294117647 0.764705882352941 0.176470588235294
41 C 23 1 19 3 0.0434782608695652 0.826086956521739 0.130434782608696
42 C 29 0 20 9 0 0.689655172413793 0.310344827586207
43 C 28 1 22 5 0.0357142857142857 0.785714285714286 0.178571428571429
44 C 36 2 25 9 0.0555555555555556 0.694444444444444 0.25
45 C 36 1 16 19 0.0277777777777778 0.444444444444444 0.527777777777778
46 C 45 0 17 28 0 0.377777777777778 0.622222222222222
47 C 40 0 18 22 0 0.45 0.55
48 C 41 0 23 18 0 0.560975609756098 0.439024390243902
49 C 32 0 20 12 0 0.625 0.375
50 C 25 0 16 9 0 0.64 0.36
51 C 38 1 31 6 0.0263157894736842 0.815789473684211 0.157894736842105
52 C 33 2 28 3 0.0606060606060606 0.848484848484849 0.0909090909090909
53 C 39 1 31 7 0.0256410256410256 0.794871794871795 0.179487179487179
54 C 38 0 31 7 0 0.815789473684211 0.184210526315789
55 C 41 0 30 11 0 0.731707317073171 0.268292682926829
56 C 38 0 28 10 0 0.736842105263158 0.263157894736842
57 C 30 1 25 4 0.0333333333333333 0.833333333333333 0.133333333333333
58 C 28 1 23 4 0.0357142857142857 0.821428571428571 0.142857142857143
59 C 32 1 19 12 0.03125 0.59375 0.375
60 C 39 1 20 18 0.0256410256410256 0.512820512820513 0.461538461538462
61 C 28 4 17 7 0.142857142857143 0.607142857142857 0.25
62 C 33 4 20 9 0.121212121212121 0.606060606060606 0.272727272727273
63 C 36 1 17 18 0.0277777777777778 0.472222222222222 0.5
64 C 40 3 17 20 0.075 0.425 0.5
65 C 22 3 13 6 0.136363636363636 0.590909090909091 0.272727272727273
66 C 22 1 13 8 0.0454545454545455 0.590909090909091 0.363636363636364
67 C 29 1 15 13 0.0344827586206897 0.517241379310345 0.448275862068966
68 C 15 0 8 7 0 0.533333333333333 0.466666666666667
69 C 33 0 22 11 0 0.666666666666667 0.333333333333333
70 C 23 0 15 8 0 0.652173913043478 0.347826086956522
71 C 26 0 11 15 0 0.423076923076923 0.576923076923077
72 C 15 0 3 12 0 0.2 0.8
73 C 18 2 4 12 0.111111111111111 0.222222222222222 0.666666666666667
74 C 21 0 12 9 0 0.571428571428571 0.428571428571429
75 C 33 2 27 4 0.0606060606060606 0.818181818181818 0.121212121212121
76 C 48 2 37 9 0.0416666666666667 0.770833333333333 0.1875
77 C 35 2 29 4 0.0571428571428571 0.828571428571429 0.114285714285714
78 C 19 2 12 5 0.105263157894737 0.631578947368421 0.263157894736842
79 C 31 3 16 12 0.0967741935483871 0.516129032258065 0.387096774193548
80 C 29 2 17 10 0.0689655172413793 0.586206896551724 0.344827586206897
81 C 29 2 19 8 0.0689655172413793 0.655172413793103 0.275862068965517
82 C 15 3 10 2 0.2 0.666666666666667 0.133333333333333
83 C 23 6 13 4 0.260869565217391 0.565217391304348 0.173913043478261
84 C 32 5 18 9 0.15625 0.5625 0.28125
85 C 22 5 15 2 0.227272727272727 0.681818181818182 0.0909090909090909
86 C 16 9 7 0 0.5625 0.4375 0
87 C 16 8 7 1 0.5 0.4375 0.0625
88 C 30 6 16 8 0.2 0.533333333333333 0.266666666666667
89 C 25 8 13 4 0.32 0.52 0.16
90 C 17 7 10 0 0.411764705882353 0.588235294117647 0
91 C 26 4 17 5 0.153846153846154 0.653846153846154 0.192307692307692
92 C 37 2 28 7 0.0540540540540541 0.756756756756757 0.189189189189189
93 C 20 2 17 1 0.1 0.85 0.05
94 C 15 2 12 1 0.133333333333333 0.8 0.0666666666666667
95 C 11 1 9 1 0.0909090909090909 0.818181818181818 0.0909090909090909
96 C 18 1 16 1 0.0555555555555556 0.888888888888889 0.0555555555555556
97 C 6 0 6 0 0 1 0
98 C 9 0 8 1 0 0.888888888888889 0.111111111111111
99 C 11 1 9 1 0.0909090909090909 0.818181818181818 0.0909090909090909
100 C 22 0 18 4 0 0.818181818181818 0.181818181818182
101 C 28 0 24 4 0 0.857142857142857 0.142857142857143
102 C 34 1 27 6 0.0294117647058824 0.794117647058823 0.176470588235294
103 C 37 1 20 16 0.027027027027027 0.540540540540541 0.432432432432432
104 C 34 1 6 27 0.0294117647058824 0.176470588235294 0.794117647058823
105 C 35 1 5 29 0.0285714285714286 0.142857142857143 0.828571428571429
106 C 42 1 20 21 0.0238095238095238 0.476190476190476 0.5
107 C 48 2 41 5 0.0416666666666667 0.854166666666667 0.104166666666667
108 C 39 2 34 3 0.0512820512820513 0.871794871794872 0.0769230769230769
109 C 35 2 25 8 0.0571428571428571 0.714285714285714 0.228571428571429
110 C 34 2 24 8 0.0588235294117647 0.705882352941177 0.235294117647059
111 C 23 2 15 6 0.0869565217391304 0.652173913043478 0.260869565217391
112 C 17 1 12 4 0.0588235294117647 0.705882352941177 0.235294117647059
113 C 16 1 13 2 0.0625 0.8125 0.125
114 C 30 1 23 6 0.0333333333333333 0.766666666666667 0.2
115 C 26 0 21 5 0 0.807692307692308 0.192307692307692
116 C 22 1 14 7 0.0454545454545455 0.636363636363636 0.318181818181818
117 C 37 0 22 15 0 0.594594594594595 0.405405405405405
118 C 33 1 22 10 0.0303030303030303 0.666666666666667 0.303030303030303
119 C 33 2 20 11 0.0606060606060606 0.606060606060606 0.333333333333333
120 C 43 1 24 18 0.0232558139534884 0.558139534883721 0.418604651162791
121 C 29 1 12 16 0.0344827586206897 0.413793103448276 0.551724137931034
122 C 31 1 21 9 0.032258064516129 0.67741935483871 0.290322580645161
123 C 28 0 22 6 0 0.785714285714286 0.214285714285714
124 C 27 2 16 9 0.0740740740740741 0.592592592592593 0.333333333333333
125 C 32 2 22 8 0.0625 0.6875 0.25
126 C 18 1 14 3 0.0555555555555556 0.777777777777778 0.166666666666667
127 C 15 1 14 0 0.0666666666666667 0.933333333333333 0
128 C 24 2 19 3 0.0833333333333333 0.791666666666667 0.125
129 C 31 2 24 5 0.0645161290322581 0.774193548387097 0.161290322580645
130 C 17 0 10 7 0 0.588235294117647 0.411764705882353
131 C 17 0 12 5 0 0.705882352941177 0.294117647058824
132 C 33 1 24 8 0.0303030303030303 0.727272727272727 0.242424242424242
133 C 34 1 24 9 0.0294117647058824 0.705882352941177 0.264705882352941
134 C 31 0 12 19 0 0.387096774193548 0.612903225806452
135 C 36 0 10 26 0 0.277777777777778 0.722222222222222
136 C 40 0 18 22 0 0.45 0.55
137 C 45 0 34 11 0 0.755555555555556 0.244444444444444
138 C 40 1 29 10 0.025 0.725 0.25
139 C 25 0 19 6 0 0.76 0.24
140 C 26 0 17 9 0 0.653846153846154 0.346153846153846
141 C 32 1 17 14 0.03125 0.53125 0.4375
142 C 13 0 9 4 0 0.692307692307692 0.307692307692308
143 C 30 1 23 6 0.0333333333333333 0.766666666666667 0.2
144 C 32 1 17 14 0.03125 0.53125 0.4375
145 C 25 0 15 10 0 0.6 0.4
146 C 20 1 12 7 0.05 0.6 0.35
147 C 36 1 25 10 0.0277777777777778 0.694444444444444 0.277777777777778
148 C 41 0 23 18 0 0.560975609756098 0.439024390243902
149 C 32 0 18 14 0 0.5625 0.4375
150 C 34 0 23 11 0 0.676470588235294 0.323529411764706
151 C 31 1 20 10 0.032258064516129 0.645161290322581 0.32258064516129
152 C 28 1 17 10 0.0357142857142857 0.607142857142857 0.357142857142857
153 C 24 1 15 8 0.0416666666666667 0.625 0.333333333333333
154 C 21 0 10 11 0 0.476190476190476 0.523809523809524
155 C 23 1 8 14 0.0434782608695652 0.347826086956522 0.608695652173913
156 C 20 0 8 12 0 0.4 0.6
157 C 40 0 26 14 0 0.65 0.35
158 C 39 0 33 6 0 0.846153846153846 0.153846153846154
159 C 24 0 15 9 0 0.625 0.375
160 C 31 1 21 9 0.032258064516129 0.67741935483871 0.290322580645161
161 C 20 4 12 4 0.2 0.6 0.2
162 C 13 3 9 1 0.230769230769231 0.692307692307692 0.0769230769230769
163 C 18 6 10 2 0.333333333333333 0.555555555555556 0.111111111111111
164 C 34 7 22 5 0.205882352941176 0.647058823529412 0.147058823529412
165 C 30 7 17 6 0.233333333333333 0.566666666666667 0.2
166 C 17 6 7 4 0.352941176470588 0.411764705882353 0.235294117647059
167 C 16 3 10 3 0.1875 0.625 0.1875
168 C 29 3 17 9 0.103448275862069 0.586206896551724 0.310344827586207
169 C 29 3 14 12 0.103448275862069 0.482758620689655 0.413793103448276
170 C 16 3 11 2 0.1875 0.6875 0.125
171 C 20 2 15 3 0.1 0.75 0.15
172 C 32 0 18 14 0 0.5625 0.4375
173 C 30 2 15 13 0.0666666666666667 0.5 0.433333333333333
174 C 15 1 12 2 0.0666666666666667 0.8 0.133333333333333
175 C 18 1 13 4 0.0555555555555556 0.722222222222222 0.222222222222222
176 C 31 1 16 14 0.032258064516129 0.516129032258065 0.451612903225806
177 C 24 1 16 7 0.0416666666666667 0.666666666666667 0.291666666666667
178 C 19 3 12 4 0.157894736842105 0.631578947368421 0.210526315789474
179 C 27 6 11 10 0.222222222222222 0.407407407407407 0.37037037037037
180 C 29 7 16 6 0.241379310344828 0.551724137931034 0.206896551724138
181 C 15 3 10 2 0.2 0.666666666666667 0.133333333333333
182 C 11 3 7 1 0.272727272727273 0.636363636363636 0.0909090909090909
183 C 13 6 5 2 0.461538461538462 0.384615384615385 0.153846153846154
184 C 13 3 9 1 0.230769230769231 0.692307692307692 0.0769230769230769
185 C 25 3 18 4 0.12 0.72 0.16
186 C 19 0 11 8 0 0.578947368421053 0.421052631578947
187 C 25 1 9 15 0.04 0.36 0.6
188 C 18 2 9 7 0.111111111111111 0.5 0.388888888888889
189 C 26 4 14 8 0.153846153846154 0.538461538461538 0.307692307692308
190 C 19 1 11 7 0.0526315789473684 0.578947368421053 0.368421052631579
191 C 21 2 13 6 0.0952380952380952 0.619047619047619 0.285714285714286
192 C 44 3 16 25 0.0681818181818182 0.363636363636364 0.568181818181818
193 C 38 0 11 27 0 0.289473684210526 0.710526315789474
194 C 25 0 14 11 0 0.56 0.44
195 C 28 0 15 13 0 0.535714285714286 0.464285714285714
196 C 35 0 17 18 0 0.485714285714286 0.514285714285714
197 C 34 0 17 17 0 0.5 0.5
198 C 16 0 12 4 0 0.75 0.25
199 C 16 0 12 4 0 0.75 0.25
200 C 23 1 18 4 0.0434782608695652 0.782608695652174 0.173913043478261
201 C 26 1 20 5 0.0384615384615385 0.769230769230769 0.192307692307692
202 C 30 0 27 3 0 0.9 0.1
203 C 41 1 34 6 0.024390243902439 0.829268292682927 0.146341463414634
204 C 36 0 23 13 0 0.638888888888889 0.361111111111111
205 C 42 0 29 13 0 0.69047619047619 0.30952380952381
206 C 42 1 27 14 0.0238095238095238 0.642857142857143 0.333333333333333
207 C 48 1 28 19 0.0208333333333333 0.583333333333333 0.395833333333333
208 C 40 0 20 20 0 0.5 0.5
209 C 43 0 27 16 0 0.627906976744186 0.372093023255814
210 C 31 1 20 10 0.032258064516129 0.645161290322581 0.32258064516129
211 C 36 0 19 17 0 0.527777777777778 0.472222222222222
212 C 24 0 15 9 0 0.625 0.375
213 C 23 0 13 10 0 0.565217391304348 0.434782608695652
214 C 24 1 9 14 0.0416666666666667 0.375 0.583333333333333
215 C 27 1 17 9 0.037037037037037 0.62962962962963 0.333333333333333
216 C 22 1 15 6 0.0454545454545455 0.681818181818182 0.272727272727273
217 C 16 2 11 3 0.125 0.6875 0.1875
218 C 21 1 16 4 0.0476190476190476 0.761904761904762 0.19047619047619
219 C 32 2 17 13 0.0625 0.53125 0.40625
220 C 50 5 23 22 0.1 0.46 0.44
221 C 34 6 17 11 0.176470588235294 0.5 0.323529411764706
222 C 24 4 17 3 0.166666666666667 0.708333333333333 0.125
223 C 20 3 14 3 0.15 0.7 0.15
224 C 41 3 19 19 0.0731707317073171 0.463414634146341 0.463414634146341
225 C 45 3 23 19 0.0666666666666667 0.511111111111111 0.422222222222222
226 C 21 3 14 4 0.142857142857143 0.666666666666667 0.19047619047619
227 C 19 2 10 7 0.105263157894737 0.526315789473684 0.368421052631579
228 C 26 0 11 15 0 0.423076923076923 0.576923076923077
229 C 16 0 10 6 0 0.625 0.375
230 C 13 0 10 3 0 0.769230769230769 0.230769230769231
231 C 13 3 9 1 0.230769230769231 0.692307692307692 0.0769230769230769
232 C 13 2 8 3 0.153846153846154 0.615384615384615 0.230769230769231
233 C 7 2 5 0 0.285714285714286 0.714285714285714 0
234 C 10 1 9 0 0.1 0.9 0
235 C 23 2 15 6 0.0869565217391304 0.652173913043478 0.260869565217391
236 C 16 5 9 2 0.3125 0.5625 0.125
237 C 20 6 11 3 0.3 0.55 0.15
238 C 33 6 14 13 0.181818181818182 0.424242424242424 0.393939393939394
239 C 27 5 12 10 0.185185185185185 0.444444444444444 0.37037037037037
240 C 19 8 7 4 0.421052631578947 0.368421052631579 0.210526315789474
241 C 40 14 20 6 0.35 0.5 0.15
242 C 37 3 19 15 0.0810810810810811 0.513513513513513 0.405405405405405
243 C 23 2 14 7 0.0869565217391304 0.608695652173913 0.304347826086957
244 C 16 4 10 2 0.25 0.625 0.125
245 C 22 2 15 5 0.0909090909090909 0.681818181818182 0.227272727272727
246 C 27 7 16 4 0.259259259259259 0.592592592592593 0.148148148148148
247 C 24 2 16 6 0.0833333333333333 0.666666666666667 0.25
248 C 16 6 8 2 0.375 0.5 0.125
249 C 29 12 14 3 0.413793103448276 0.482758620689655 0.103448275862069
250 C 47 8 26 13 0.170212765957447 0.553191489361702 0.276595744680851
251 C 26 2 16 8 0.0769230769230769 0.615384615384615 0.307692307692308
252 C 15 5 9 1 0.333333333333333 0.6 0.0666666666666667
253 C 28 6 14 8 0.214285714285714 0.5 0.285714285714286
254 C 41 1 27 13 0.024390243902439 0.658536585365854 0.317073170731707
255 C 23 1 17 5 0.0434782608695652 0.739130434782609 0.217391304347826
256 C 17 4 10 3 0.235294117647059 0.588235294117647 0.176470588235294
257 C 22 3 16 3 0.136363636363636 0.727272727272727 0.136363636363636
258 C 32 1 25 6 0.03125 0.78125 0.1875
259 C 13 1 12 0 0.0769230769230769 0.923076923076923 0
260 C 21 2 16 3 0.0952380952380952 0.761904761904762 0.142857142857143
261 C 35 3 24 8 0.0857142857142857 0.685714285714286 0.228571428571429
262 C 34 1 26 7 0.0294117647058824 0.764705882352941 0.205882352941176
263 C 29 4 17 8 0.137931034482759 0.586206896551724 0.275862068965517
264 C 32 4 19 9 0.125 0.59375 0.28125
265 C 42 2 24 16 0.0476190476190476 0.571428571428571 0.380952380952381
266 C 36 2 23 11 0.0555555555555556 0.638888888888889 0.305555555555556
267 C 20 2 12 6 0.1 0.6 0.3
268 C 32 2 15 15 0.0625 0.46875 0.46875
269 C 27 3 15 9 0.111111111111111 0.555555555555556 0.333333333333333
270 C 18 3 10 5 0.166666666666667 0.555555555555556 0.277777777777778
271 C 21 3 13 5 0.142857142857143 0.619047619047619 0.238095238095238
272 C 28 2 16 10 0.0714285714285714 0.571428571428571 0.357142857142857
273 C 23 5 11 7 0.217391304347826 0.478260869565217 0.304347826086957
274 C 9 2 6 1 0.222222222222222 0.666666666666667 0.111111111111111
275 C 18 2 9 7 0.111111111111111 0.5 0.388888888888889
276 C 31 1 21 9 0.032258064516129 0.67741935483871 0.290322580645161
277 C 25 1 18 6 0.04 0.72 0.24
278 C 13 1 9 3 0.0769230769230769 0.692307692307692 0.230769230769231
279 C 13 1 7 5 0.0769230769230769 0.538461538461538 0.384615384615385
280 C 31 0 19 12 0 0.612903225806452 0.387096774193548
281 C 29 2 13 14 0.0689655172413793 0.448275862068966 0.482758620689655
282 C 24 0 10 14 0 0.416666666666667 0.583333333333333
283 C 24 0 11 13 0 0.458333333333333 0.541666666666667
284 C 36 0 16 20 0 0.444444444444444 0.555555555555556
285 C 34 1 20 13 0.0294117647058824 0.588235294117647 0.382352941176471
286 C 30 3 17 10 0.1 0.566666666666667 0.333333333333333
287 C 30 2 18 10 0.0666666666666667 0.6 0.333333333333333
288 C 38 2 25 11 0.0526315789473684 0.657894736842105 0.289473684210526
289 C 47 4 33 10 0.0851063829787234 0.702127659574468 0.212765957446809
290 C 24 6 17 1 0.25 0.708333333333333 0.0416666666666667
291 C 32 5 22 5 0.15625 0.6875 0.15625
292 C 49 2 43 4 0.0408163265306122 0.877551020408163 0.0816326530612245
293 C 47 5 39 3 0.106382978723404 0.829787234042553 0.0638297872340425
294 C 43 5 29 9 0.116279069767442 0.674418604651163 0.209302325581395
295 C 39 1 28 10 0.0256410256410256 0.717948717948718 0.256410256410256
296 C 24 0 18 6 0 0.75 0.25
297 C 30 0 22 8 0 0.733333333333333 0.266666666666667
298 C 50 1 41 8 0.02 0.82 0.16
299 C 33 0 29 4 0 0.878787878787879 0.121212121212121
300 C 42 0 34 8 0 0.80952380952381 0.19047619047619
301 C 34 0 24 10 0 0.705882352941177 0.294117647058824
302 C 40 0 30 10 0 0.75 0.25
303 C 54 0 40 14 0 0.740740740740741 0.259259259259259
304 C 52 1 40 11 0.0192307692307692 0.769230769230769 0.211538461538462
305 C 35 0 21 14 0 0.6 0.4
306 C 39 0 24 15 0 0.615384615384615 0.384615384615385
307 C 34 1 20 13 0.0294117647058824 0.588235294117647 0.382352941176471
308 C 28 0 20 8 0 0.714285714285714 0.285714285714286
309 C 32 0 15 17 0 0.46875 0.53125
310 C 32 0 15 17 0 0.46875 0.53125
311 C 26 0 17 9 0 0.653846153846154 0.346153846153846
312 C 32 0 14 18 0 0.4375 0.5625
313 C 30 0 13 17 0 0.433333333333333 0.566666666666667
314 C 17 0 11 6 0 0.647058823529412 0.352941176470588
315 C 18 0 10 8 0 0.555555555555556 0.444444444444444
316 C 29 0 15 14 0 0.517241379310345 0.482758620689655
317 C 18 0 13 5 0 0.722222222222222 0.277777777777778
318 C 23 1 16 6 0.0434782608695652 0.695652173913043 0.260869565217391
319 C 10 1 7 2 0.1 0.7 0.2
1 D 4 0 4 0 0 1 0
2 D 13 0 9 4 0 0.692307692307692 0.307692307692308
3 D 17 0 12 5 0 0.705882352941177 0.294117647058824
4 D 13 4 7 2 0.307692307692308 0.538461538461538 0.153846153846154
5 D 20 6 11 3 0.3 0.55 0.15
6 D 9 4 4 1 0.444444444444444 0.444444444444444 0.111111111111111
7 D 13 2 8 3 0.153846153846154 0.615384615384615 0.230769230769231
8 D 29 4 16 9 0.137931034482759 0.551724137931034 0.310344827586207
9 D 17 1 9 7 0.0588235294117647 0.529411764705882 0.411764705882353
10 D 29 2 20 7 0.0689655172413793 0.689655172413793 0.241379310344828
11 D 31 2 19 10 0.0645161290322581 0.612903225806452 0.32258064516129
12 D 31 2 18 11 0.0645161290322581 0.580645161290323 0.354838709677419
13 D 33 1 20 12 0.0303030303030303 0.606060606060606 0.363636363636364
14 D 36 6 21 9 0.166666666666667 0.583333333333333 0.25
15 D 27 3 17 7 0.111111111111111 0.62962962962963 0.259259259259259
16 D 22 1 16 5 0.0454545454545455 0.727272727272727 0.227272727272727
17 D 25 0 20 5 0 0.8 0.2
18 D 26 0 19 7 0 0.730769230769231 0.269230769230769
19 D 29 0 21 8 0 0.724137931034483 0.275862068965517
20 D 41 1 23 17 0.024390243902439 0.560975609756098 0.414634146341463
21 D 14 1 8 5 0.0714285714285714 0.571428571428571 0.357142857142857
22 D 23 2 15 6 0.0869565217391304 0.652173913043478 0.260869565217391
23 D 29 1 20 8 0.0344827586206897 0.689655172413793 0.275862068965517
24 D 19 0 15 4 0 0.789473684210526 0.210526315789474
25 D 22 2 18 2 0.0909090909090909 0.818181818181818 0.0909090909090909
26 D 34 4 22 8 0.117647058823529 0.647058823529412 0.235294117647059
27 D 23 3 17 3 0.130434782608696 0.739130434782609 0.130434782608696
28 D 22 4 15 3 0.181818181818182 0.681818181818182 0.136363636363636
29 D 28 6 17 5 0.214285714285714 0.607142857142857 0.178571428571429
30 D 29 6 16 7 0.206896551724138 0.551724137931034 0.241379310344828
31 D 26 5 15 6 0.192307692307692 0.576923076923077 0.230769230769231
32 D 25 0 19 6 0 0.76 0.24
33 D 29 2 18 9 0.0689655172413793 0.620689655172414 0.310344827586207
34 D 26 3 15 8 0.115384615384615 0.576923076923077 0.307692307692308
35 D 19 4 13 2 0.210526315789474 0.684210526315789 0.105263157894737
36 D 26 3 18 5 0.115384615384615 0.692307692307692 0.192307692307692
37 D 27 2 18 7 0.0740740740740741 0.666666666666667 0.259259259259259
38 D 11 3 8 0 0.272727272727273 0.727272727272727 0
39 D 10 3 7 0 0.3 0.7 0
40 D 16 1 12 3 0.0625 0.75 0.1875
41 D 23 1 19 3 0.0434782608695652 0.826086956521739 0.130434782608696
42 D 29 0 20 9 0 0.689655172413793 0.310344827586207
43 D 27 1 22 4 0.037037037037037 0.814814814814815 0.148148148148148
44 D 37 2 28 7 0.0540540540540541 0.756756756756757 0.189189189189189
45 D 37 1 21 15 0.027027027027027 0.567567567567568 0.405405405405405
46 D 42 0 19 23 0 0.452380952380952 0.547619047619048
47 D 43 0 25 18 0 0.581395348837209 0.418604651162791
48 D 42 0 28 14 0 0.666666666666667 0.333333333333333
49 D 32 1 20 11 0.03125 0.625 0.34375
50 D 19 1 11 7 0.0526315789473684 0.578947368421053 0.368421052631579
51 D 26 1 21 4 0.0384615384615385 0.807692307692308 0.153846153846154
52 D 30 2 25 3 0.0666666666666667 0.833333333333333 0.1
53 D 37 1 29 7 0.027027027027027 0.783783783783784 0.189189189189189
54 D 39 0 29 10 0 0.743589743589744 0.256410256410256
55 D 43 0 34 9 0 0.790697674418605 0.209302325581395
56 D 42 0 33 9 0 0.785714285714286 0.214285714285714
57 D 33 1 28 4 0.0303030303030303 0.848484848484849 0.121212121212121
58 D 32 1 27 4 0.03125 0.84375 0.125
59 D 34 1 21 12 0.0294117647058824 0.617647058823529 0.352941176470588
60 D 39 1 22 16 0.0256410256410256 0.564102564102564 0.41025641025641
61 D 28 4 19 5 0.142857142857143 0.678571428571429 0.178571428571429
62 D 36 4 22 10 0.111111111111111 0.611111111111111 0.277777777777778
63 D 35 1 18 16 0.0285714285714286 0.514285714285714 0.457142857142857
64 D 41 3 17 21 0.0731707317073171 0.414634146341463 0.51219512195122
65 D 21 1 12 8 0.0476190476190476 0.571428571428571 0.380952380952381
66 D 23 1 12 10 0.0434782608695652 0.521739130434783 0.434782608695652
67 D 29 1 14 14 0.0344827586206897 0.482758620689655 0.482758620689655
68 D 15 0 8 7 0 0.533333333333333 0.466666666666667
69 D 32 0 21 11 0 0.65625 0.34375
70 D 19 0 11 8 0 0.578947368421053 0.421052631578947
71 D 26 0 10 16 0 0.384615384615385 0.615384615384615
72 D 17 0 4 13 0 0.235294117647059 0.764705882352941
73 D 18 2 3 13 0.111111111111111 0.166666666666667 0.722222222222222
74 D 24 0 14 10 0 0.583333333333333 0.416666666666667
75 D 39 2 32 5 0.0512820512820513 0.82051282051282 0.128205128205128
76 D 55 2 43 10 0.0363636363636364 0.781818181818182 0.181818181818182
77 D 40 2 35 3 0.05 0.875 0.075
78 D 22 2 15 5 0.0909090909090909 0.681818181818182 0.227272727272727
79 D 35 3 22 10 0.0857142857142857 0.628571428571429 0.285714285714286
80 D 29 2 18 9 0.0689655172413793 0.620689655172414 0.310344827586207
81 D 29 2 21 6 0.0689655172413793 0.724137931034483 0.206896551724138
82 D 16 4 10 2 0.25 0.625 0.125
83 D 28 7 18 3 0.25 0.642857142857143 0.107142857142857
84 D 35 6 21 8 0.171428571428571 0.6 0.228571428571429
85 D 22 7 13 2 0.318181818181818 0.590909090909091 0.0909090909090909
86 D 19 9 10 0 0.473684210526316 0.526315789473684 0
87 D 20 7 12 1 0.35 0.6 0.05
88 D 35 5 23 7 0.142857142857143 0.657142857142857 0.2
89 D 26 10 14 2 0.384615384615385 0.538461538461538 0.0769230769230769
90 D 18 9 9 0 0.5 0.5 0
91 D 23 4 14 5 0.173913043478261 0.608695652173913 0.217391304347826
92 D 33 7 23 3 0.212121212121212 0.696969696969697 0.0909090909090909
93 D 16 8 8 0 0.5 0.5 0
94 D 11 4 7 0 0.363636363636364 0.636363636363636 0
95 D 8 3 5 0 0.375 0.625 0
96 D 17 2 14 1 0.117647058823529 0.823529411764706 0.0588235294117647
97 D 7 2 5 0 0.285714285714286 0.714285714285714 0
98 D 7 0 6 1 0 0.857142857142857 0.142857142857143
99 D 11 1 9 1 0.0909090909090909 0.818181818181818 0.0909090909090909
100 D 23 0 19 4 0 0.826086956521739 0.173913043478261
101 D 35 0 30 5 0 0.857142857142857 0.142857142857143
102 D 35 1 27 7 0.0285714285714286 0.771428571428571 0.2
103 D 37 1 18 18 0.027027027027027 0.486486486486487 0.486486486486487
104 D 34 1 7 26 0.0294117647058824 0.205882352941176 0.764705882352941
105 D 37 1 9 27 0.027027027027027 0.243243243243243 0.72972972972973
106 D 43 1 22 20 0.0232558139534884 0.511627906976744 0.465116279069767
107 D 48 2 39 7 0.0416666666666667 0.8125 0.145833333333333
108 D 42 2 36 4 0.0476190476190476 0.857142857142857 0.0952380952380952
109 D 41 2 30 9 0.0487804878048781 0.731707317073171 0.219512195121951
110 D 33 2 24 7 0.0606060606060606 0.727272727272727 0.212121212121212
111 D 24 2 17 5 0.0833333333333333 0.708333333333333 0.208333333333333
112 D 15 1 10 4 0.0666666666666667 0.666666666666667 0.266666666666667
113 D 16 1 13 2 0.0625 0.8125 0.125
114 D 30 1 23 6 0.0333333333333333 0.766666666666667 0.2
115 D 26 0 20 6 0 0.769230769230769 0.230769230769231
116 D 28 1 20 7 0.0357142857142857 0.714285714285714 0.25
117 D 38 0 27 11 0 0.710526315789474 0.289473684210526
118 D 33 0 24 9 0 0.727272727272727 0.272727272727273
119 D 33 2 23 8 0.0606060606060606 0.696969696969697 0.242424242424242
120 D 40 1 28 11 0.025 0.7 0.275
121 D 30 1 16 13 0.0333333333333333 0.533333333333333 0.433333333333333
122 D 32 3 24 5 0.09375 0.75 0.15625
123 D 32 2 29 1 0.0625 0.90625 0.03125
124 D 28 2 20 6 0.0714285714285714 0.714285714285714 0.214285714285714
125 D 30 3 21 6 0.1 0.7 0.2
126 D 17 2 14 1 0.117647058823529 0.823529411764706 0.0588235294117647
127 D 16 3 13 0 0.1875 0.8125 0
128 D 23 5 16 2 0.217391304347826 0.695652173913043 0.0869565217391304
129 D 30 3 23 4 0.1 0.766666666666667 0.133333333333333
130 D 19 0 11 8 0 0.578947368421053 0.421052631578947
131 D 16 1 12 3 0.0625 0.75 0.1875
132 D 30 2 24 4 0.0666666666666667 0.8 0.133333333333333
133 D 30 1 24 5 0.0333333333333333 0.8 0.166666666666667
134 D 30 0 15 15 0 0.5 0.5
135 D 38 0 12 26 0 0.315789473684211 0.684210526315789
136 D 39 0 19 20 0 0.487179487179487 0.512820512820513
137 D 49 0 37 12 0 0.755102040816326 0.244897959183673
138 D 42 1 32 9 0.0238095238095238 0.761904761904762 0.214285714285714
139 D 23 2 17 4 0.0869565217391304 0.739130434782609 0.173913043478261
140 D 26 1 16 9 0.0384615384615385 0.615384615384615 0.346153846153846
141 D 31 1 15 15 0.032258064516129 0.483870967741935 0.483870967741935
142 D 17 0 9 8 0 0.529411764705882 0.470588235294118
143 D 32 1 22 9 0.03125 0.6875 0.28125
144 D 31 1 15 15 0.032258064516129 0.483870967741935 0.483870967741935
145 D 25 0 16 9 0 0.64 0.36
146 D 19 1 14 4 0.0526315789473684 0.736842105263158 0.210526315789474
147 D 38 2 30 6 0.0526315789473684 0.789473684210526 0.157894736842105
148 D 42 1 27 14 0.0238095238095238 0.642857142857143 0.333333333333333
149 D 33 0 20 13 0 0.606060606060606 0.393939393939394
150 D 35 0 30 5 0 0.857142857142857 0.142857142857143
151 D 32 2 25 5 0.0625 0.78125 0.15625
152 D 27 1 19 7 0.037037037037037 0.703703703703704 0.259259259259259
153 D 26 1 17 8 0.0384615384615385 0.653846153846154 0.307692307692308
154 D 22 0 14 8 0 0.636363636363636 0.363636363636364
155 D 22 1 12 9 0.0454545454545455 0.545454545454545 0.409090909090909
156 D 20 0 12 8 0 0.6 0.4
157 D 38 0 22 16 0 0.578947368421053 0.421052631578947
158 D 37 0 28 9 0 0.756756756756757 0.243243243243243
159 D 21 0 13 8 0 0.619047619047619 0.380952380952381
160 D 26 2 14 10 0.0769230769230769 0.538461538461538 0.384615384615385
161 D 24 5 11 8 0.208333333333333 0.458333333333333 0.333333333333333
162 D 17 6 7 4 0.352941176470588 0.411764705882353 0.235294117647059
163 D 18 6 8 4 0.333333333333333 0.444444444444444 0.222222222222222
164 D 34 7 18 9 0.205882352941176 0.529411764705882 0.264705882352941
165 D 29 7 10 12 0.241379310344828 0.344827586206897 0.413793103448276
166 D 16 6 6 4 0.375 0.375 0.25
167 D 17 3 10 4 0.176470588235294 0.588235294117647 0.235294117647059
168 D 30 3 17 10 0.1 0.566666666666667 0.333333333333333
169 D 31 3 15 13 0.0967741935483871 0.483870967741935 0.419354838709677
170 D 17 3 12 2 0.176470588235294 0.705882352941177 0.117647058823529
171 D 21 2 16 3 0.0952380952380952 0.761904761904762 0.142857142857143
172 D 34 0 20 14 0 0.588235294117647 0.411764705882353
173 D 31 2 16 13 0.0645161290322581 0.516129032258065 0.419354838709677
174 D 15 1 12 2 0.0666666666666667 0.8 0.133333333333333
175 D 18 1 13 4 0.0555555555555556 0.722222222222222 0.222222222222222
176 D 30 1 16 13 0.0333333333333333 0.533333333333333 0.433333333333333
177 D 24 1 16 7 0.0416666666666667 0.666666666666667 0.291666666666667
178 D 18 1 13 4 0.0555555555555556 0.722222222222222 0.222222222222222
179 D 29 3 14 12 0.103448275862069 0.482758620689655 0.413793103448276
180 D 30 5 18 7 0.166666666666667 0.6 0.233333333333333
181 D 15 2 10 3 0.133333333333333 0.666666666666667 0.2
182 D 13 1 10 2 0.0769230769230769 0.769230769230769 0.153846153846154
183 D 16 4 8 4 0.25 0.5 0.25
184 D 13 3 8 2 0.230769230769231 0.615384615384615 0.153846153846154
185 D 26 3 18 5 0.115384615384615 0.692307692307692 0.192307692307692
186 D 19 0 11 8 0 0.578947368421053 0.421052631578947
187 D 22 0 7 15 0 0.318181818181818 0.681818181818182
188 D 16 0 7 9 0 0.4375 0.5625
189 D 23 0 15 8 0 0.652173913043478 0.347826086956522
190 D 19 0 12 7 0 0.631578947368421 0.368421052631579
191 D 19 0 15 4 0 0.789473684210526 0.210526315789474
192 D 39 0 16 23 0 0.41025641025641 0.58974358974359
193 D 37 0 11 26 0 0.297297297297297 0.702702702702703
194 D 24 0 13 11 0 0.541666666666667 0.458333333333333
195 D 24 0 14 10 0 0.583333333333333 0.416666666666667
196 D 37 1 18 18 0.027027027027027 0.486486486486487 0.486486486486487
197 D 42 1 22 19 0.0238095238095238 0.523809523809524 0.452380952380952
198 D 20 0 14 6 0 0.7 0.3
199 D 21 1 15 5 0.0476190476190476 0.714285714285714 0.238095238095238
200 D 25 2 18 5 0.08 0.72 0.2
201 D 24 1 15 8 0.0416666666666667 0.625 0.333333333333333
202 D 25 0 18 7 0 0.72 0.28
203 D 38 1 29 8 0.0263157894736842 0.763157894736842 0.210526315789474
204 D 37 0 22 15 0 0.594594594594595 0.405405405405405
205 D 37 0 21 16 0 0.567567567567568 0.432432432432432
206 D 38 1 24 13 0.0263157894736842 0.631578947368421 0.342105263157895
207 D 48 2 27 19 0.0416666666666667 0.5625 0.395833333333333
208 D 39 0 20 19 0 0.512820512820513 0.487179487179487
209 D 41 0 27 14 0 0.658536585365854 0.341463414634146
210 D 30 2 19 9 0.0666666666666667 0.633333333333333 0.3
211 D 36 1 19 16 0.0277777777777778 0.527777777777778 0.444444444444444
212 D 25 1 17 7 0.04 0.68 0.28
213 D 22 1 15 6 0.0454545454545455 0.681818181818182 0.272727272727273
214 D 18 2 6 10 0.111111111111111 0.333333333333333 0.555555555555556
215 D 28 2 18 8 0.0714285714285714 0.642857142857143 0.285714285714286
216 D 14 1 11 2 0.0714285714285714 0.785714285714286 0.142857142857143
217 D 11 2 8 1 0.181818181818182 0.727272727272727 0.0909090909090909
218 D 19 1 16 2 0.0526315789473684 0.842105263157895 0.105263157894737
219 D 26 2 13 11 0.0769230769230769 0.5 0.423076923076923
220 D 40 2 18 20 0.05 0.45 0.5
221 D 28 2 17 9 0.0714285714285714 0.607142857142857 0.321428571428571
222 D 23 1 18 4 0.0434782608695652 0.782608695652174 0.173913043478261
223 D 16 2 12 2 0.125 0.75 0.125
224 D 30 2 13 15 0.0666666666666667 0.433333333333333 0.5
225 D 36 1 17 18 0.0277777777777778 0.472222222222222 0.5
226 D 14 2 8 4 0.142857142857143 0.571428571428571 0.285714285714286
227 D 13 0 7 6 0 0.538461538461538 0.461538461538462
228 D 25 0 10 15 0 0.4 0.6
229 D 15 0 10 5 0 0.666666666666667 0.333333333333333
230 D 13 0 9 4 0 0.692307692307692 0.307692307692308
231 D 9 3 4 2 0.333333333333333 0.444444444444444 0.222222222222222
232 D 10 1 6 3 0.1 0.6 0.3
233 D 7 2 5 0 0.285714285714286 0.714285714285714 0
234 D 11 2 9 0 0.181818181818182 0.818181818181818 0
235 D 22 3 13 6 0.136363636363636 0.590909090909091 0.272727272727273
236 D 13 4 7 2 0.307692307692308 0.538461538461538 0.153846153846154
237 D 16 5 9 2 0.3125 0.5625 0.125
238 D 28 5 12 11 0.178571428571429 0.428571428571429 0.392857142857143
239 D 27 4 10 13 0.148148148148148 0.37037037037037 0.481481481481481
240 D 19 7 7 5 0.368421052631579 0.368421052631579 0.263157894736842
241 D 34 13 17 4 0.382352941176471 0.5 0.117647058823529
242 D 35 2 19 14 0.0571428571428571 0.542857142857143 0.4
243 D 22 2 13 7 0.0909090909090909 0.590909090909091 0.318181818181818
244 D 16 4 10 2 0.25 0.625 0.125
245 D 19 1 14 4 0.0526315789473684 0.736842105263158 0.210526315789474
246 D 23 6 15 2 0.260869565217391 0.652173913043478 0.0869565217391304
247 D 21 2 14 5 0.0952380952380952 0.666666666666667 0.238095238095238
248 D 16 7 8 1 0.4375 0.5 0.0625
249 D 25 12 12 1 0.48 0.48 0.04
250 D 40 8 22 10 0.2 0.55 0.25
251 D 24 3 16 5 0.125 0.666666666666667 0.208333333333333
252 D 14 4 9 1 0.285714285714286 0.642857142857143 0.0714285714285714
253 D 29 4 18 7 0.137931034482759 0.620689655172414 0.241379310344828
254 D 44 2 30 12 0.0454545454545455 0.681818181818182 0.272727272727273
255 D 35 3 26 6 0.0857142857142857 0.742857142857143 0.171428571428571
256 D 26 0 22 4 0 0.846153846153846 0.153846153846154
257 D 30 1 23 6 0.0333333333333333 0.766666666666667 0.2
258 D 48 2 40 6 0.0416666666666667 0.833333333333333 0.125
259 D 28 0 27 1 0 0.964285714285714 0.0357142857142857
260 D 21 2 18 1 0.0952380952380952 0.857142857142857 0.0476190476190476
261 D 33 3 23 7 0.0909090909090909 0.696969696969697 0.212121212121212
262 D 30 1 24 5 0.0333333333333333 0.8 0.166666666666667
263 D 24 4 16 4 0.166666666666667 0.666666666666667 0.166666666666667
264 D 32 4 18 10 0.125 0.5625 0.3125
265 D 44 2 27 15 0.0454545454545455 0.613636363636364 0.340909090909091
266 D 36 2 23 11 0.0555555555555556 0.638888888888889 0.305555555555556
267 D 22 3 12 7 0.136363636363636 0.545454545454545 0.318181818181818
268 D 36 3 15 18 0.0833333333333333 0.416666666666667 0.5
269 D 31 3 18 10 0.0967741935483871 0.580645161290323 0.32258064516129
270 D 23 3 14 6 0.130434782608696 0.608695652173913 0.260869565217391
271 D 21 3 11 7 0.142857142857143 0.523809523809524 0.333333333333333
272 D 29 2 15 12 0.0689655172413793 0.517241379310345 0.413793103448276
273 D 17 4 10 3 0.235294117647059 0.588235294117647 0.176470588235294
274 D 9 2 6 1 0.222222222222222 0.666666666666667 0.111111111111111
275 D 19 1 13 5 0.0526315789473684 0.684210526315789 0.263157894736842
276 D 31 0 23 8 0 0.741935483870968 0.258064516129032
277 D 23 0 18 5 0 0.782608695652174 0.217391304347826
278 D 12 1 9 2 0.0833333333333333 0.75 0.166666666666667
279 D 14 1 10 3 0.0714285714285714 0.714285714285714 0.214285714285714
280 D 30 0 23 7 0 0.766666666666667 0.233333333333333
281 D 25 2 14 9 0.08 0.56 0.36
282 D 20 0 10 10 0 0.5 0.5
283 D 20 0 12 8 0 0.6 0.4
284 D 33 0 17 16 0 0.515151515151515 0.484848484848485
285 D 32 3 17 12 0.09375 0.53125 0.375
286 D 22 5 13 4 0.227272727272727 0.590909090909091 0.181818181818182
287 D 30 3 19 8 0.1 0.633333333333333 0.266666666666667
288 D 36 3 22 11 0.0833333333333333 0.611111111111111 0.305555555555556
289 D 47 6 31 10 0.127659574468085 0.659574468085106 0.212765957446809
290 D 23 7 15 1 0.304347826086957 0.652173913043478 0.0434782608695652
291 D 29 4 19 6 0.137931034482759 0.655172413793103 0.206896551724138
292 D 47 1 41 5 0.0212765957446809 0.872340425531915 0.106382978723404
293 D 45 5 33 7 0.111111111111111 0.733333333333333 0.155555555555556
294 D 38 3 25 10 0.0789473684210526 0.657894736842105 0.263157894736842
295 D 41 0 30 11 0 0.731707317073171 0.268292682926829
296 D 27 0 20 7 0 0.740740740740741 0.259259259259259
297 D 27 0 21 6 0 0.777777777777778 0.222222222222222
298 D 47 0 42 5 0 0.893617021276596 0.106382978723404
299 D 35 0 32 3 0 0.914285714285714 0.0857142857142857
300 D 46 2 42 2 0.0434782608695652 0.91304347826087 0.0434782608695652
301 D 43 2 38 3 0.0465116279069767 0.883720930232558 0.0697674418604651
302 D 42 4 34 4 0.0952380952380952 0.80952380952381 0.0952380952380952
303 D 54 3 41 10 0.0555555555555556 0.759259259259259 0.185185185185185
304 D 52 1 41 10 0.0192307692307692 0.788461538461538 0.192307692307692
305 D 37 1 22 14 0.027027027027027 0.594594594594595 0.378378378378378
306 D 39 0 25 14 0 0.641025641025641 0.358974358974359
307 D 36 1 24 11 0.0277777777777778 0.666666666666667 0.305555555555556
308 D 27 0 17 10 0 0.62962962962963 0.37037037037037
309 D 32 0 14 18 0 0.4375 0.5625
310 D 32 0 20 12 0 0.625 0.375
311 D 24 1 17 6 0.0416666666666667 0.708333333333333 0.25
312 D 31 0 14 17 0 0.451612903225806 0.548387096774194
313 D 28 0 14 14 0 0.5 0.5
314 D 17 0 12 5 0 0.705882352941177 0.294117647058824
315 D 15 0 10 5 0 0.666666666666667 0.333333333333333
316 D 28 0 18 10 0 0.642857142857143 0.357142857142857
317 D 17 0 14 3 0 0.823529411764706 0.176470588235294
318 D 21 0 16 5 0 0.761904761904762 0.238095238095238
319 D 9 0 6 3 0 0.666666666666667 0.333333333333333
2 E 8 0 3 5 0 0.375 0.625
3 E 17 0 10 7 0 0.588235294117647 0.411764705882353
4 E 15 4 8 3 0.266666666666667 0.533333333333333 0.2
5 E 16 7 7 2 0.4375 0.4375 0.125
6 E 8 5 2 1 0.625 0.25 0.125
7 E 7 3 3 1 0.428571428571429 0.428571428571429 0.142857142857143
8 E 16 8 7 1 0.5 0.4375 0.0625
9 E 9 3 5 1 0.333333333333333 0.555555555555556 0.111111111111111
10 E 21 5 13 3 0.238095238095238 0.619047619047619 0.142857142857143
11 E 36 5 22 9 0.138888888888889 0.611111111111111 0.25
12 E 30 4 19 7 0.133333333333333 0.633333333333333 0.233333333333333
13 E 21 6 12 3 0.285714285714286 0.571428571428571 0.142857142857143
14 E 33 11 17 5 0.333333333333333 0.515151515151515 0.151515151515152
15 E 28 6 12 10 0.214285714285714 0.428571428571429 0.357142857142857
16 E 24 2 16 6 0.0833333333333333 0.666666666666667 0.25
17 E 26 0 20 6 0 0.769230769230769 0.230769230769231
18 E 26 0 19 7 0 0.730769230769231 0.269230769230769
19 E 31 1 23 7 0.032258064516129 0.741935483870968 0.225806451612903
20 E 38 3 21 14 0.0789473684210526 0.552631578947368 0.368421052631579
21 E 14 3 6 5 0.214285714285714 0.428571428571429 0.357142857142857
22 E 21 1 14 6 0.0476190476190476 0.666666666666667 0.285714285714286
23 E 31 2 21 8 0.0645161290322581 0.67741935483871 0.258064516129032
24 E 19 0 14 5 0 0.736842105263158 0.263157894736842
25 E 27 3 21 3 0.111111111111111 0.777777777777778 0.111111111111111
26 E 40 5 30 5 0.125 0.75 0.125
27 E 24 6 16 2 0.25 0.666666666666667 0.0833333333333333
28 E 19 7 10 2 0.368421052631579 0.526315789473684 0.105263157894737
29 E 24 8 14 2 0.333333333333333 0.583333333333333 0.0833333333333333
30 E 28 9 12 7 0.321428571428571 0.428571428571429 0.25
31 E 18 8 7 3 0.444444444444444 0.388888888888889 0.166666666666667
32 E 17 2 12 3 0.117647058823529 0.705882352941177 0.176470588235294
33 E 25 3 14 8 0.12 0.56 0.32
34 E 23 2 14 7 0.0869565217391304 0.608695652173913 0.304347826086957
35 E 20 3 16 1 0.15 0.8 0.05
36 E 26 3 18 5 0.115384615384615 0.692307692307692 0.192307692307692
37 E 27 2 19 6 0.0740740740740741 0.703703703703704 0.222222222222222
38 E 13 1 12 0 0.0769230769230769 0.923076923076923 0
39 E 14 2 12 0 0.142857142857143 0.857142857142857 0
40 E 14 1 11 2 0.0714285714285714 0.785714285714286 0.142857142857143
41 E 22 1 18 3 0.0454545454545455 0.818181818181818 0.136363636363636
42 E 32 2 20 10 0.0625 0.625 0.3125
43 E 30 2 22 6 0.0666666666666667 0.733333333333333 0.2
44 E 36 2 25 9 0.0555555555555556 0.694444444444444 0.25
45 E 35 1 15 19 0.0285714285714286 0.428571428571429 0.542857142857143
46 E 41 0 14 27 0 0.341463414634146 0.658536585365854
47 E 36 0 18 18 0 0.5 0.5
48 E 42 0 29 13 0 0.69047619047619 0.30952380952381
49 E 36 0 26 10 0 0.722222222222222 0.277777777777778
50 E 35 1 27 7 0.0285714285714286 0.771428571428571 0.2
51 E 25 0 13 12 0 0.52 0.48
52 E 23 0 10 13 0 0.434782608695652 0.565217391304348
53 E 34 0 22 12 0 0.647058823529412 0.352941176470588
54 E 36 0 30 6 0 0.833333333333333 0.166666666666667
55 E 38 0 34 4 0 0.894736842105263 0.105263157894737
56 E 39 0 31 8 0 0.794871794871795 0.205128205128205
57 E 29 1 24 4 0.0344827586206897 0.827586206896552 0.137931034482759
58 E 27 1 24 2 0.037037037037037 0.888888888888889 0.0740740740740741
59 E 31 1 19 11 0.032258064516129 0.612903225806452 0.354838709677419
60 E 35 1 19 15 0.0285714285714286 0.542857142857143 0.428571428571429
61 E 28 4 18 6 0.142857142857143 0.642857142857143 0.214285714285714
62 E 35 4 22 9 0.114285714285714 0.628571428571429 0.257142857142857
63 E 34 1 20 13 0.0294117647058824 0.588235294117647 0.382352941176471
64 E 41 3 18 20 0.0731707317073171 0.439024390243902 0.48780487804878
65 E 20 1 13 6 0.05 0.65 0.3
66 E 21 1 14 6 0.0476190476190476 0.666666666666667 0.285714285714286
67 E 27 1 15 11 0.037037037037037 0.555555555555556 0.407407407407407
68 E 16 0 9 7 0 0.5625 0.4375
69 E 31 0 20 11 0 0.645161290322581 0.354838709677419
70 E 21 0 15 6 0 0.714285714285714 0.285714285714286
71 E 23 0 8 15 0 0.347826086956522 0.652173913043478
72 E 14 0 3 11 0 0.214285714285714 0.785714285714286
73 E 16 2 3 11 0.125 0.1875 0.6875
74 E 23 2 11 10 0.0869565217391304 0.478260869565217 0.434782608695652
75 E 27 3 19 5 0.111111111111111 0.703703703703704 0.185185185185185
76 E 51 2 34 15 0.0392156862745098 0.666666666666667 0.294117647058824
77 E 27 1 19 7 0.037037037037037 0.703703703703704 0.259259259259259
78 E 14 3 7 4 0.214285714285714 0.5 0.285714285714286
79 E 32 4 14 14 0.125 0.4375 0.4375
80 E 24 2 10 12 0.0833333333333333 0.416666666666667 0.5
81 E 25 2 16 7 0.08 0.64 0.28
82 E 15 3 9 3 0.2 0.6 0.2
83 E 24 6 13 5 0.25 0.541666666666667 0.208333333333333
84 E 34 5 18 11 0.147058823529412 0.529411764705882 0.323529411764706
85 E 22 5 15 2 0.227272727272727 0.681818181818182 0.0909090909090909
86 E 19 9 10 0 0.473684210526316 0.526315789473684 0
87 E 18 7 9 2 0.388888888888889 0.5 0.111111111111111
88 E 32 5 19 8 0.15625 0.59375 0.25
89 E 27 8 17 2 0.296296296296296 0.62962962962963 0.0740740740740741
90 E 18 6 12 0 0.333333333333333 0.666666666666667 0
91 E 24 2 17 5 0.0833333333333333 0.708333333333333 0.208333333333333
92 E 37 3 27 7 0.0810810810810811 0.72972972972973 0.189189189189189
93 E 19 2 16 1 0.105263157894737 0.842105263157895 0.0526315789473684
94 E 13 2 10 1 0.153846153846154 0.769230769230769 0.0769230769230769
95 E 11 0 10 1 0 0.909090909090909 0.0909090909090909
96 E 19 0 18 1 0 0.947368421052632 0.0526315789473684
97 E 6 0 6 0 0 1 0
98 E 8 0 7 1 0 0.875 0.125
99 E 11 0 10 1 0 0.909090909090909 0.0909090909090909
100 E 22 0 19 3 0 0.863636363636364 0.136363636363636
101 E 27 0 24 3 0 0.888888888888889 0.111111111111111
102 E 36 1 30 5 0.0277777777777778 0.833333333333333 0.138888888888889
103 E 39 1 22 16 0.0256410256410256 0.564102564102564 0.41025641025641
104 E 33 1 7 25 0.0303030303030303 0.212121212121212 0.757575757575758
105 E 33 1 5 27 0.0303030303030303 0.151515151515152 0.818181818181818
106 E 41 1 20 20 0.024390243902439 0.48780487804878 0.48780487804878
107 E 40 2 30 8 0.05 0.75 0.2
108 E 38 1 29 8 0.0263157894736842 0.763157894736842 0.210526315789474
109 E 47 1 34 12 0.0212765957446809 0.723404255319149 0.25531914893617
110 E 32 2 26 4 0.0625 0.8125 0.125
111 E 30 1 22 7 0.0333333333333333 0.733333333333333 0.233333333333333
112 E 19 0 13 6 0 0.684210526315789 0.315789473684211
113 E 10 0 10 0 0 1 0
114 E 29 0 22 7 0 0.758620689655172 0.241379310344828
115 E 17 0 14 3 0 0.823529411764706 0.176470588235294
116 E 26 1 18 7 0.0384615384615385 0.692307692307692 0.269230769230769
117 E 34 0 24 10 0 0.705882352941177 0.294117647058824
118 E 32 0 23 9 0 0.71875 0.28125
119 E 33 2 20 11 0.0606060606060606 0.606060606060606 0.333333333333333
120 E 41 1 26 14 0.024390243902439 0.634146341463415 0.341463414634146
121 E 28 0 13 15 0 0.464285714285714 0.535714285714286
122 E 33 2 17 14 0.0606060606060606 0.515151515151515 0.424242424242424
123 E 29 0 21 8 0 0.724137931034483 0.275862068965517
124 E 28 1 20 7 0.0357142857142857 0.714285714285714 0.25
125 E 32 1 23 8 0.03125 0.71875 0.25
126 E 18 0 15 3 0 0.833333333333333 0.166666666666667
127 E 17 0 17 0 0 1 0
128 E 25 1 21 3 0.04 0.84 0.12
129 E 31 1 26 4 0.032258064516129 0.838709677419355 0.129032258064516
130 E 19 0 12 7 0 0.631578947368421 0.368421052631579
131 E 16 0 12 4 0 0.75 0.25
132 E 34 1 26 7 0.0294117647058824 0.764705882352941 0.205882352941176
133 E 35 1 24 10 0.0285714285714286 0.685714285714286 0.285714285714286
134 E 32 0 13 19 0 0.40625 0.59375
135 E 37 0 10 27 0 0.27027027027027 0.72972972972973
136 E 36 0 14 22 0 0.388888888888889 0.611111111111111
137 E 47 0 35 12 0 0.74468085106383 0.25531914893617
138 E 42 1 32 9 0.0238095238095238 0.761904761904762 0.214285714285714
139 E 29 0 23 6 0 0.793103448275862 0.206896551724138
140 E 37 0 35 2 0 0.945945945945946 0.0540540540540541
141 E 34 1 26 7 0.0294117647058824 0.764705882352941 0.205882352941176
142 E 16 0 13 3 0 0.8125 0.1875
143 E 26 1 25 0 0.0384615384615385 0.961538461538462 0
144 E 29 1 19 9 0.0344827586206897 0.655172413793103 0.310344827586207
145 E 22 0 16 6 0 0.727272727272727 0.272727272727273
146 E 20 1 16 3 0.05 0.8 0.15
147 E 35 3 26 6 0.0857142857142857 0.742857142857143 0.171428571428571
148 E 40 0 27 13 0 0.675 0.325
149 E 31 0 22 9 0 0.709677419354839 0.290322580645161
150 E 33 1 25 7 0.0303030303030303 0.757575757575758 0.212121212121212
151 E 30 1 20 9 0.0333333333333333 0.666666666666667 0.3
152 E 26 1 16 9 0.0384615384615385 0.615384615384615 0.346153846153846
153 E 23 1 14 8 0.0434782608695652 0.608695652173913 0.347826086956522
154 E 22 0 11 11 0 0.5 0.5
155 E 18 0 7 11 0 0.388888888888889 0.611111111111111
156 E 21 0 12 9 0 0.571428571428571 0.428571428571429
157 E 30 0 18 12 0 0.6 0.4
158 E 34 0 25 9 0 0.735294117647059 0.264705882352941
159 E 13 0 8 5 0 0.615384615384615 0.384615384615385
160 E 27 1 19 7 0.037037037037037 0.703703703703704 0.259259259259259
161 E 18 5 10 3 0.277777777777778 0.555555555555556 0.166666666666667
162 E 14 5 8 1 0.357142857142857 0.571428571428571 0.0714285714285714
163 E 19 7 10 2 0.368421052631579 0.526315789473684 0.105263157894737
164 E 35 8 23 4 0.228571428571429 0.657142857142857 0.114285714285714
165 E 29 8 13 8 0.275862068965517 0.448275862068966 0.275862068965517
166 E 17 7 6 4 0.411764705882353 0.352941176470588 0.235294117647059
167 E 19 4 12 3 0.210526315789474 0.631578947368421 0.157894736842105
168 E 32 3 20 9 0.09375 0.625 0.28125
169 E 31 3 15 13 0.0967741935483871 0.483870967741935 0.419354838709677
170 E 18 3 13 2 0.166666666666667 0.722222222222222 0.111111111111111
171 E 22 2 17 3 0.0909090909090909 0.772727272727273 0.136363636363636
172 E 35 0 21 14 0 0.6 0.4
173 E 31 3 15 13 0.0967741935483871 0.483870967741935 0.419354838709677
174 E 15 2 10 3 0.133333333333333 0.666666666666667 0.2
175 E 20 2 14 4 0.1 0.7 0.2
176 E 27 1 14 12 0.037037037037037 0.518518518518518 0.444444444444444
177 E 21 3 13 5 0.142857142857143 0.619047619047619 0.238095238095238
178 E 18 3 10 5 0.166666666666667 0.555555555555556 0.277777777777778
179 E 27 4 11 12 0.148148148148148 0.407407407407407 0.444444444444444
180 E 28 7 16 5 0.25 0.571428571428571 0.178571428571429
181 E 15 4 8 3 0.266666666666667 0.533333333333333 0.2
182 E 11 2 7 2 0.181818181818182 0.636363636363636 0.181818181818182
183 E 16 5 7 4 0.3125 0.4375 0.25
184 E 13 3 8 2 0.230769230769231 0.615384615384615 0.153846153846154
185 E 22 3 14 5 0.136363636363636 0.636363636363636 0.227272727272727
186 E 19 0 12 7 0 0.631578947368421 0.368421052631579
187 E 21 0 10 11 0 0.476190476190476 0.523809523809524
188 E 13 0 6 7 0 0.461538461538462 0.538461538461538
189 E 13 0 10 3 0 0.769230769230769 0.230769230769231
190 E 18 1 13 4 0.0555555555555556 0.722222222222222 0.222222222222222
191 E 14 2 11 1 0.142857142857143 0.785714285714286 0.0714285714285714
192 E 25 2 14 9 0.08 0.56 0.36
193 E 32 0 14 18 0 0.4375 0.5625
194 E 25 2 14 9 0.08 0.56 0.36
195 E 15 2 8 5 0.133333333333333 0.533333333333333 0.333333333333333
196 E 29 3 18 8 0.103448275862069 0.620689655172414 0.275862068965517
197 E 37 5 19 13 0.135135135135135 0.513513513513513 0.351351351351351
198 E 16 1 11 4 0.0625 0.6875 0.25
199 E 15 3 10 2 0.2 0.666666666666667 0.133333333333333
200 E 20 3 13 4 0.15 0.65 0.2
201 E 23 2 14 7 0.0869565217391304 0.608695652173913 0.304347826086957
202 E 21 0 12 9 0 0.571428571428571 0.428571428571429
203 E 33 1 21 11 0.0303030303030303 0.636363636363636 0.333333333333333
204 E 39 1 27 11 0.0256410256410256 0.692307692307692 0.282051282051282
205 E 30 0 22 8 0 0.733333333333333 0.266666666666667
206 E 29 2 19 8 0.0689655172413793 0.655172413793103 0.275862068965517
207 E 31 4 22 5 0.129032258064516 0.709677419354839 0.161290322580645
208 E 32 0 21 11 0 0.65625 0.34375
209 E 30 1 22 7 0.0333333333333333 0.733333333333333 0.233333333333333
210 E 24 3 20 1 0.125 0.833333333333333 0.0416666666666667
211 E 25 3 17 5 0.12 0.68 0.2
212 E 23 1 21 1 0.0434782608695652 0.91304347826087 0.0434782608695652
213 E 16 4 12 0 0.25 0.75 0
214 E 19 4 15 0 0.210526315789474 0.789473684210526 0
215 E 19 3 16 0 0.157894736842105 0.842105263157895 0
216 E 7 1 6 0 0.142857142857143 0.857142857142857 0
217 E 10 3 7 0 0.3 0.7 0
218 E 18 1 15 2 0.0555555555555556 0.833333333333333 0.111111111111111
219 E 21 2 11 8 0.0952380952380952 0.523809523809524 0.380952380952381
220 E 28 2 15 11 0.0714285714285714 0.535714285714286 0.392857142857143
221 E 18 3 9 6 0.166666666666667 0.5 0.333333333333333
222 E 13 3 7 3 0.230769230769231 0.538461538461538 0.230769230769231
223 E 21 3 16 2 0.142857142857143 0.761904761904762 0.0952380952380952
224 E 14 2 8 4 0.142857142857143 0.571428571428571 0.285714285714286
225 E 9 3 5 1 0.333333333333333 0.555555555555556 0.111111111111111
226 E 4 2 2 0 0.5 0.5 0
227 E 3 1 2 0 0.333333333333333 0.666666666666667 0
228 E 5 2 3 0 0.4 0.6 0
233 E 9 1 8 0 0.111111111111111 0.888888888888889 0
234 E 9 1 8 0 0.111111111111111 0.888888888888889 0
235 E 29 2 21 6 0.0689655172413793 0.724137931034483 0.206896551724138
236 E 18 5 11 2 0.277777777777778 0.611111111111111 0.111111111111111
237 E 20 6 11 3 0.3 0.55 0.15
238 E 30 6 12 12 0.2 0.4 0.4
239 E 27 5 11 11 0.185185185185185 0.407407407407407 0.407407407407407
240 E 20 8 8 4 0.4 0.4 0.2
241 E 37 14 18 5 0.378378378378378 0.486486486486487 0.135135135135135
242 E 34 3 18 13 0.0882352941176471 0.529411764705882 0.382352941176471
243 E 19 2 10 7 0.105263157894737 0.526315789473684 0.368421052631579
244 E 15 4 9 2 0.266666666666667 0.6 0.133333333333333
245 E 20 2 15 3 0.1 0.75 0.15
246 E 25 7 14 4 0.28 0.56 0.16
247 E 23 2 15 6 0.0869565217391304 0.652173913043478 0.260869565217391
248 E 17 6 9 2 0.352941176470588 0.529411764705882 0.117647058823529
249 E 27 12 13 2 0.444444444444444 0.481481481481481 0.0740740740740741
250 E 43 8 24 11 0.186046511627907 0.558139534883721 0.255813953488372
251 E 27 2 18 7 0.0740740740740741 0.666666666666667 0.259259259259259
252 E 15 5 9 1 0.333333333333333 0.6 0.0666666666666667
253 E 28 6 14 8 0.214285714285714 0.5 0.285714285714286
254 E 42 1 29 12 0.0238095238095238 0.69047619047619 0.285714285714286
255 E 25 0 20 5 0 0.8 0.2
256 E 17 4 11 2 0.235294117647059 0.647058823529412 0.117647058823529
257 E 24 3 17 4 0.125 0.708333333333333 0.166666666666667
258 E 34 1 26 7 0.0294117647058824 0.764705882352941 0.205882352941176
259 E 13 2 11 0 0.153846153846154 0.846153846153846 0
260 E 25 3 18 4 0.12 0.72 0.16
261 E 36 4 24 8 0.111111111111111 0.666666666666667 0.222222222222222
262 E 35 1 30 4 0.0285714285714286 0.857142857142857 0.114285714285714
263 E 24 5 17 2 0.208333333333333 0.708333333333333 0.0833333333333333
264 E 31 5 17 9 0.161290322580645 0.548387096774194 0.290322580645161
265 E 40 3 23 14 0.075 0.575 0.35
266 E 35 2 25 8 0.0571428571428571 0.714285714285714 0.228571428571429
267 E 21 3 13 5 0.142857142857143 0.619047619047619 0.238095238095238
268 E 33 2 16 15 0.0606060606060606 0.484848484848485 0.454545454545455
269 E 31 3 18 10 0.0967741935483871 0.580645161290323 0.32258064516129
270 E 19 3 11 5 0.157894736842105 0.578947368421053 0.263157894736842
271 E 21 3 13 5 0.142857142857143 0.619047619047619 0.238095238095238
272 E 25 2 13 10 0.08 0.52 0.4
273 E 22 5 11 6 0.227272727272727 0.5 0.272727272727273
274 E 8 1 6 1 0.125 0.75 0.125
275 E 17 1 10 6 0.0588235294117647 0.588235294117647 0.352941176470588
276 E 30 0 18 12 0 0.6 0.4
277 E 24 1 14 9 0.0416666666666667 0.583333333333333 0.375
278 E 14 2 9 3 0.142857142857143 0.642857142857143 0.214285714285714
279 E 15 2 10 3 0.133333333333333 0.666666666666667 0.2
280 E 30 1 20 9 0.0333333333333333 0.666666666666667 0.3
281 E 31 2 15 14 0.0645161290322581 0.483870967741935 0.451612903225806
282 E 22 1 11 10 0.0454545454545455 0.5 0.454545454545455
283 E 21 0 14 7 0 0.666666666666667 0.333333333333333
284 E 33 0 17 16 0 0.515151515151515 0.484848484848485
285 E 34 2 20 12 0.0588235294117647 0.588235294117647 0.352941176470588
286 E 25 4 15 6 0.16 0.6 0.24
287 E 29 3 19 7 0.103448275862069 0.655172413793103 0.241379310344828
288 E 41 4 26 11 0.0975609756097561 0.634146341463415 0.268292682926829
289 E 53 8 33 12 0.150943396226415 0.622641509433962 0.226415094339623
290 E 22 7 13 2 0.318181818181818 0.590909090909091 0.0909090909090909
291 E 31 6 20 5 0.193548387096774 0.645161290322581 0.161290322580645
292 E 51 4 41 6 0.0784313725490196 0.803921568627451 0.117647058823529
293 E 45 4 33 8 0.0888888888888889 0.733333333333333 0.177777777777778
294 E 30 1 21 8 0.0333333333333333 0.7 0.266666666666667
295 E 38 0 30 8 0 0.789473684210526 0.210526315789474
296 E 22 0 18 4 0 0.818181818181818 0.181818181818182
297 E 14 0 10 4 0 0.714285714285714 0.285714285714286
298 E 17 3 12 2 0.176470588235294 0.705882352941177 0.117647058823529
299 E 6 3 3 0 0.5 0.5 0
300 E 16 6 9 1 0.375 0.5625 0.0625
301 E 35 5 23 7 0.142857142857143 0.657142857142857 0.2
302 E 39 2 30 7 0.0512820512820513 0.769230769230769 0.179487179487179
303 E 27 4 21 2 0.148148148148148 0.777777777777778 0.0740740740740741
304 E 34 3 27 4 0.0882352941176471 0.794117647058823 0.117647058823529
305 E 38 0 27 11 0 0.710526315789474 0.289473684210526
306 E 34 0 24 10 0 0.705882352941177 0.294117647058824
307 E 16 2 11 3 0.125 0.6875 0.1875
308 E 26 2 17 7 0.0769230769230769 0.653846153846154 0.269230769230769
309 E 32 0 17 15 0 0.53125 0.46875
310 E 26 2 13 11 0.0769230769230769 0.5 0.423076923076923
311 E 20 2 14 4 0.1 0.7 0.2
312 E 34 1 16 17 0.0294117647058824 0.470588235294118 0.5
313 E 30 0 16 14 0 0.533333333333333 0.466666666666667
314 E 16 1 13 2 0.0625 0.8125 0.125
315 E 16 1 8 7 0.0625 0.5 0.4375
316 E 27 0 14 13 0 0.518518518518518 0.481481481481481
317 E 17 0 9 8 0 0.529411764705882 0.470588235294118
318 E 19 0 11 8 0 0.578947368421053 0.421052631578947
319 E 9 0 4 5 0 0.444444444444444 0.555555555555556
