#Residue Chain TotalDensity HighlyFrustratedDensity NeutrallyFrustratedDensity MinimallyFrustratedDensity relHighlyFrustratedDensity relNeutrallyFrustratedDensity relMinimallyFrustratedDensity
1 B 4 0 3 1 0 0.75 0.25
2 B 12 0 7 5 0 0.583333333333333 0.416666666666667
3 B 17 3 9 5 0.176470588235294 0.529411764705882 0.294117647058824
4 B 13 3 4 6 0.230769230769231 0.307692307692308 0.461538461538462
5 B 17 1 7 9 0.0588235294117647 0.411764705882353 0.529411764705882
6 B 9 0 2 7 0 0.222222222222222 0.777777777777778
7 B 13 0 4 9 0 0.307692307692308 0.692307692307692
8 B 28 0 14 14 0 0.5 0.5
9 B 16 1 7 8 0.0625 0.4375 0.5
10 B 32 2 20 10 0.0625 0.625 0.3125
11 B 33 3 14 16 0.0909090909090909 0.424242424242424 0.484848484848485
12 B 32 2 12 18 0.0625 0.375 0.5625
13 B 32 2 12 18 0.0625 0.375 0.5625
14 B 32 5 10 17 0.15625 0.3125 0.53125
15 B 24 7 7 10 0.291666666666667 0.291666666666667 0.416666666666667
16 B 21 6 2 13 0.285714285714286 0.0952380952380952 0.619047619047619
17 B 26 6 10 10 0.230769230769231 0.384615384615385 0.384615384615385
18 B 27 4 12 11 0.148148148148148 0.444444444444444 0.407407407407407
19 B 33 3 15 15 0.0909090909090909 0.454545454545455 0.454545454545455
20 B 41 4 14 23 0.0975609756097561 0.341463414634146 0.560975609756098
21 B 15 4 6 5 0.266666666666667 0.4 0.333333333333333
22 B 21 2 12 7 0.0952380952380952 0.571428571428571 0.333333333333333
23 B 26 3 5 18 0.115384615384615 0.192307692307692 0.692307692307692
24 B 18 0 7 11 0 0.388888888888889 0.611111111111111
25 B 23 1 11 11 0.0434782608695652 0.478260869565217 0.478260869565217
26 B 35 14 20 1 0.4 0.571428571428571 0.0285714285714286
27 B 23 10 12 1 0.434782608695652 0.521739130434783 0.0434782608695652
28 B 17 5 11 1 0.294117647058824 0.647058823529412 0.0588235294117647
29 B 25 5 14 6 0.2 0.56 0.24
30 B 29 3 17 9 0.103448275862069 0.586206896551724 0.310344827586207
31 B 17 0 14 3 0 0.823529411764706 0.176470588235294
32 B 16 1 9 6 0.0625 0.5625 0.375
33 B 26 0 11 15 0 0.423076923076923 0.576923076923077
34 B 23 2 13 8 0.0869565217391304 0.565217391304348 0.347826086956522
35 B 14 1 10 3 0.0714285714285714 0.714285714285714 0.214285714285714
36 B 24 2 12 10 0.0833333333333333 0.5 0.416666666666667
37 B 27 2 15 10 0.0740740740740741 0.555555555555556 0.37037037037037
38 B 12 1 9 2 0.0833333333333333 0.75 0.166666666666667
39 B 10 2 6 2 0.2 0.6 0.2
40 B 15 3 9 3 0.2 0.6 0.2
41 B 18 4 9 5 0.222222222222222 0.5 0.277777777777778
42 B 26 3 11 12 0.115384615384615 0.423076923076923 0.461538461538462
43 B 17 2 9 6 0.117647058823529 0.529411764705882 0.352941176470588
44 B 32 1 12 19 0.03125 0.375 0.59375
45 B 35 1 4 30 0.0285714285714286 0.114285714285714 0.857142857142857
46 B 44 0 0 44 0 0 1
47 B 42 0 9 33 0 0.214285714285714 0.785714285714286
48 B 43 2 19 22 0.0465116279069767 0.441860465116279 0.511627906976744
49 B 31 2 22 7 0.0645161290322581 0.709677419354839 0.225806451612903
50 B 20 2 15 3 0.1 0.75 0.15
51 B 25 2 22 1 0.08 0.88 0.04
52 B 31 3 26 2 0.0967741935483871 0.838709677419355 0.0645161290322581
53 B 39 2 31 6 0.0512820512820513 0.794871794871795 0.153846153846154
54 B 38 3 28 7 0.0789473684210526 0.736842105263158 0.184210526315789
55 B 39 3 21 15 0.0769230769230769 0.538461538461538 0.384615384615385
56 B 40 4 23 13 0.1 0.575 0.325
57 B 30 6 17 7 0.2 0.566666666666667 0.233333333333333
58 B 28 6 9 13 0.214285714285714 0.321428571428571 0.464285714285714
59 B 33 2 8 23 0.0606060606060606 0.242424242424242 0.696969696969697
60 B 36 1 9 26 0.0277777777777778 0.25 0.722222222222222
61 B 28 5 7 16 0.178571428571429 0.25 0.571428571428571
62 B 36 4 11 21 0.111111111111111 0.305555555555556 0.583333333333333
63 B 37 0 11 26 0 0.297297297297297 0.702702702702703
64 B 43 1 10 32 0.0232558139534884 0.232558139534884 0.744186046511628
65 B 20 2 11 7 0.1 0.55 0.35
66 B 22 2 15 5 0.0909090909090909 0.681818181818182 0.227272727272727
67 B 28 4 12 12 0.142857142857143 0.428571428571429 0.428571428571429
68 B 16 3 6 7 0.1875 0.375 0.4375
69 B 33 1 14 18 0.0303030303030303 0.424242424242424 0.545454545454545
70 B 24 1 12 11 0.0416666666666667 0.5 0.458333333333333
71 B 27 0 4 23 0 0.148148148148148 0.851851851851852
72 B 19 0 2 17 0 0.105263157894737 0.894736842105263
73 B 18 0 4 14 0 0.222222222222222 0.777777777777778
74 B 25 1 3 21 0.04 0.12 0.84
75 B 36 6 14 16 0.166666666666667 0.388888888888889 0.444444444444444
76 B 49 4 21 24 0.0816326530612245 0.428571428571429 0.489795918367347
77 B 35 3 21 11 0.0857142857142857 0.6 0.314285714285714
78 B 21 0 13 8 0 0.619047619047619 0.380952380952381
79 B 35 0 15 20 0 0.428571428571429 0.571428571428571
80 B 28 0 20 8 0 0.714285714285714 0.285714285714286
81 B 27 0 18 9 0 0.666666666666667 0.333333333333333
82 B 17 0 12 5 0 0.705882352941177 0.294117647058824
83 B 29 0 16 13 0 0.551724137931034 0.448275862068966
84 B 32 0 12 20 0 0.375 0.625
85 B 20 0 12 8 0 0.6 0.4
86 B 18 1 12 5 0.0555555555555556 0.666666666666667 0.277777777777778
87 B 18 1 12 5 0.0555555555555556 0.666666666666667 0.277777777777778
88 B 34 1 13 20 0.0294117647058824 0.382352941176471 0.588235294117647
89 B 25 2 16 7 0.08 0.64 0.28
90 B 17 1 14 2 0.0588235294117647 0.823529411764706 0.117647058823529
91 B 23 0 15 8 0 0.652173913043478 0.347826086956522
92 B 31 4 18 9 0.129032258064516 0.580645161290323 0.290322580645161
93 B 13 1 12 0 0.0769230769230769 0.923076923076923 0
94 B 10 0 9 1 0 0.9 0.1
95 B 3 0 3 0 0 1 0
96 B 9 0 8 1 0 0.888888888888889 0.111111111111111
97 B 5 0 4 1 0 0.8 0.2
98 B 7 0 6 1 0 0.857142857142857 0.142857142857143
99 B 11 0 10 1 0 0.909090909090909 0.0909090909090909
100 B 21 1 16 4 0.0476190476190476 0.761904761904762 0.19047619047619
101 B 28 3 17 8 0.107142857142857 0.607142857142857 0.285714285714286
102 B 37 1 22 14 0.027027027027027 0.594594594594595 0.378378378378378
103 B 45 0 9 36 0 0.2 0.8
104 B 33 0 1 32 0 0.0303030303030303 0.96969696969697
105 B 37 0 5 32 0 0.135135135135135 0.864864864864865
106 B 44 1 8 35 0.0227272727272727 0.181818181818182 0.795454545454545
107 B 47 10 19 18 0.212765957446809 0.404255319148936 0.382978723404255
108 B 38 10 19 9 0.263157894736842 0.5 0.236842105263158
109 B 39 1 17 21 0.0256410256410256 0.435897435897436 0.538461538461538
110 B 37 1 25 11 0.027027027027027 0.675675675675676 0.297297297297297
111 B 25 2 19 4 0.08 0.76 0.16
112 B 17 1 15 1 0.0588235294117647 0.882352941176471 0.0588235294117647
113 B 13 1 11 1 0.0769230769230769 0.846153846153846 0.0769230769230769
114 B 26 1 18 7 0.0384615384615385 0.692307692307692 0.269230769230769
115 B 25 0 20 5 0 0.8 0.2
116 B 18 0 15 3 0 0.833333333333333 0.166666666666667
117 B 34 0 24 10 0 0.705882352941177 0.294117647058824
118 B 36 1 23 12 0.0277777777777778 0.638888888888889 0.333333333333333
119 B 25 3 17 5 0.12 0.68 0.2
120 B 23 0 14 9 0 0.608695652173913 0.391304347826087
121 B 27 0 10 17 0 0.37037037037037 0.62962962962963
122 B 24 2 13 9 0.0833333333333333 0.541666666666667 0.375
123 B 16 1 10 5 0.0625 0.625 0.3125
124 B 21 0 11 10 0 0.523809523809524 0.476190476190476
125 B 25 0 17 8 0 0.68 0.32
126 B 14 0 12 2 0 0.857142857142857 0.142857142857143
127 B 13 0 11 2 0 0.846153846153846 0.153846153846154
128 B 22 2 14 6 0.0909090909090909 0.636363636363636 0.272727272727273
129 B 21 1 15 5 0.0476190476190476 0.714285714285714 0.238095238095238
130 B 5 0 3 2 0 0.6 0.4
131 B 17 2 9 6 0.117647058823529 0.529411764705882 0.352941176470588
132 B 30 2 12 16 0.0666666666666667 0.4 0.533333333333333
133 B 31 0 14 17 0 0.451612903225806 0.548387096774194
134 B 31 0 4 27 0 0.129032258064516 0.870967741935484
135 B 36 0 1 35 0 0.0277777777777778 0.972222222222222
136 B 38 0 3 35 0 0.0789473684210526 0.921052631578947
137 B 51 2 21 28 0.0392156862745098 0.411764705882353 0.549019607843137
138 B 42 3 23 16 0.0714285714285714 0.547619047619048 0.380952380952381
139 B 28 3 19 6 0.107142857142857 0.678571428571429 0.214285714285714
140 B 26 0 21 5 0 0.807692307692308 0.192307692307692
141 B 35 0 20 15 0 0.571428571428571 0.428571428571429
142 B 16 1 10 5 0.0625 0.625 0.3125
143 B 32 1 21 10 0.03125 0.65625 0.3125
144 B 35 0 13 22 0 0.371428571428571 0.628571428571429
145 B 25 4 8 13 0.16 0.32 0.52
146 B 14 5 2 7 0.357142857142857 0.142857142857143 0.5
147 B 22 9 6 7 0.409090909090909 0.272727272727273 0.318181818181818
148 B 37 6 11 20 0.162162162162162 0.297297297297297 0.540540540540541
149 B 29 4 6 19 0.137931034482759 0.206896551724138 0.655172413793103
150 B 11 5 3 3 0.454545454545455 0.272727272727273 0.272727272727273
151 B 14 2 7 5 0.142857142857143 0.5 0.357142857142857
152 B 24 1 9 14 0.0416666666666667 0.375 0.583333333333333
153 B 15 1 4 10 0.0666666666666667 0.266666666666667 0.666666666666667
154 B 21 0 2 19 0 0.0952380952380952 0.904761904761905
155 B 20 1 4 15 0.05 0.2 0.75
156 B 17 1 7 9 0.0588235294117647 0.411764705882353 0.529411764705882
157 B 38 3 23 12 0.0789473684210526 0.605263157894737 0.315789473684211
158 B 37 2 30 5 0.0540540540540541 0.810810810810811 0.135135135135135
159 B 16 2 13 1 0.125 0.8125 0.0625
160 B 23 10 13 0 0.434782608695652 0.565217391304348 0
161 B 16 5 10 1 0.3125 0.625 0.0625
162 B 14 3 9 2 0.214285714285714 0.642857142857143 0.142857142857143
163 B 18 6 10 2 0.333333333333333 0.555555555555556 0.111111111111111
164 B 34 14 17 3 0.411764705882353 0.5 0.0882352941176471
165 B 28 6 14 8 0.214285714285714 0.5 0.285714285714286
166 B 16 2 8 6 0.125 0.5 0.375
167 B 18 6 10 2 0.333333333333333 0.555555555555556 0.111111111111111
168 B 30 5 14 11 0.166666666666667 0.466666666666667 0.366666666666667
169 B 30 0 11 19 0 0.366666666666667 0.633333333333333
170 B 18 4 9 5 0.222222222222222 0.5 0.277777777777778
171 B 22 3 13 6 0.136363636363636 0.590909090909091 0.272727272727273
172 B 34 1 11 22 0.0294117647058824 0.323529411764706 0.647058823529412
173 B 31 1 7 23 0.032258064516129 0.225806451612903 0.741935483870968
174 B 15 2 6 7 0.133333333333333 0.4 0.466666666666667
175 B 19 1 11 7 0.0526315789473684 0.578947368421053 0.368421052631579
176 B 33 0 6 27 0 0.181818181818182 0.818181818181818
177 B 25 0 8 17 0 0.32 0.68
178 B 17 0 11 6 0 0.647058823529412 0.352941176470588
179 B 26 2 9 15 0.0769230769230769 0.346153846153846 0.576923076923077
180 B 34 1 14 19 0.0294117647058824 0.411764705882353 0.558823529411765
181 B 16 1 10 5 0.0625 0.625 0.3125
182 B 11 1 5 5 0.0909090909090909 0.454545454545455 0.454545454545455
183 B 14 2 6 6 0.142857142857143 0.428571428571429 0.428571428571429
184 B 12 3 6 3 0.25 0.5 0.25
185 B 28 3 12 13 0.107142857142857 0.428571428571429 0.464285714285714
186 B 20 0 6 14 0 0.3 0.7
187 B 24 0 5 19 0 0.208333333333333 0.791666666666667
188 B 18 1 6 11 0.0555555555555556 0.333333333333333 0.611111111111111
189 B 26 3 12 11 0.115384615384615 0.461538461538462 0.423076923076923
190 B 20 1 8 11 0.05 0.4 0.55
191 B 21 1 11 9 0.0476190476190476 0.523809523809524 0.428571428571429
192 B 43 1 12 30 0.0232558139534884 0.27906976744186 0.697674418604651
193 B 34 0 2 32 0 0.0588235294117647 0.941176470588235
194 B 25 0 9 16 0 0.36 0.64
195 B 27 0 11 16 0 0.407407407407407 0.592592592592593
196 B 38 2 8 28 0.0526315789473684 0.210526315789474 0.736842105263158
197 B 41 2 12 27 0.0487804878048781 0.292682926829268 0.658536585365854
198 B 19 2 10 7 0.105263157894737 0.526315789473684 0.368421052631579
199 B 17 4 7 6 0.235294117647059 0.411764705882353 0.352941176470588
200 B 25 5 14 6 0.2 0.56 0.24
201 B 24 3 13 8 0.125 0.541666666666667 0.333333333333333
202 B 24 4 18 2 0.166666666666667 0.75 0.0833333333333333
203 B 39 4 31 4 0.102564102564103 0.794871794871795 0.102564102564103
204 B 36 0 21 15 0 0.583333333333333 0.416666666666667
205 B 38 0 24 14 0 0.631578947368421 0.368421052631579
206 B 38 3 30 5 0.0789473684210526 0.789473684210526 0.131578947368421
207 B 48 3 23 22 0.0625 0.479166666666667 0.458333333333333
208 B 40 1 15 24 0.025 0.375 0.6
209 B 39 5 20 14 0.128205128205128 0.512820512820513 0.358974358974359
210 B 29 2 15 12 0.0689655172413793 0.517241379310345 0.413793103448276
211 B 35 0 14 21 0 0.4 0.6
212 B 25 1 16 8 0.04 0.64 0.32
213 B 25 2 19 4 0.08 0.76 0.16
214 B 21 0 12 9 0 0.571428571428571 0.428571428571429
215 B 28 1 14 13 0.0357142857142857 0.5 0.464285714285714
216 B 14 2 11 1 0.142857142857143 0.785714285714286 0.0714285714285714
217 B 10 1 5 4 0.1 0.5 0.4
218 B 19 4 8 7 0.210526315789474 0.421052631578947 0.368421052631579
219 B 29 3 9 17 0.103448275862069 0.310344827586207 0.586206896551724
220 B 48 3 15 30 0.0625 0.3125 0.625
221 B 34 5 14 15 0.147058823529412 0.411764705882353 0.441176470588235
222 B 26 4 10 12 0.153846153846154 0.384615384615385 0.461538461538462
223 B 20 2 9 9 0.1 0.45 0.45
224 B 39 2 10 27 0.0512820512820513 0.256410256410256 0.692307692307692
225 B 42 1 13 28 0.0238095238095238 0.30952380952381 0.666666666666667
226 B 17 0 6 11 0 0.352941176470588 0.647058823529412
227 B 19 1 6 12 0.0526315789473684 0.315789473684211 0.631578947368421
228 B 23 0 2 21 0 0.0869565217391304 0.91304347826087
229 B 13 0 4 9 0 0.307692307692308 0.692307692307692
230 B 9 0 5 4 0 0.555555555555556 0.444444444444444
231 B 8 1 6 1 0.125 0.75 0.125
232 B 13 0 9 4 0 0.692307692307692 0.307692307692308
233 B 13 1 8 4 0.0769230769230769 0.615384615384615 0.307692307692308
234 B 15 5 7 3 0.333333333333333 0.466666666666667 0.2
235 B 22 5 9 8 0.227272727272727 0.409090909090909 0.363636363636364
236 B 17 9 6 2 0.529411764705882 0.352941176470588 0.117647058823529
237 B 17 7 8 2 0.411764705882353 0.470588235294118 0.117647058823529
238 B 27 5 9 13 0.185185185185185 0.333333333333333 0.481481481481481
239 B 26 3 10 13 0.115384615384615 0.384615384615385 0.5
240 B 19 7 9 3 0.368421052631579 0.473684210526316 0.157894736842105
241 B 36 6 16 14 0.166666666666667 0.444444444444444 0.388888888888889
242 B 34 0 13 21 0 0.382352941176471 0.617647058823529
243 B 18 2 9 7 0.111111111111111 0.5 0.388888888888889
244 B 15 1 9 5 0.0666666666666667 0.6 0.333333333333333
245 B 22 0 11 11 0 0.5 0.5
246 B 26 2 13 11 0.0769230769230769 0.5 0.423076923076923
247 B 28 2 10 16 0.0714285714285714 0.357142857142857 0.571428571428571
248 B 19 4 11 4 0.210526315789474 0.578947368421053 0.210526315789474
249 B 28 5 17 6 0.178571428571429 0.607142857142857 0.214285714285714
250 B 43 1 19 23 0.0232558139534884 0.441860465116279 0.534883720930233
251 B 25 2 14 9 0.08 0.56 0.36
252 B 13 3 9 1 0.230769230769231 0.692307692307692 0.0769230769230769
253 B 27 5 11 11 0.185185185185185 0.407407407407407 0.407407407407407
254 B 37 5 16 16 0.135135135135135 0.432432432432432 0.432432432432432
255 B 21 7 11 3 0.333333333333333 0.523809523809524 0.142857142857143
256 B 15 3 10 2 0.2 0.666666666666667 0.133333333333333
257 B 22 7 12 3 0.318181818181818 0.545454545454545 0.136363636363636
258 B 32 8 17 7 0.25 0.53125 0.21875
259 B 15 4 10 1 0.266666666666667 0.666666666666667 0.0666666666666667
260 B 27 12 14 1 0.444444444444444 0.518518518518518 0.037037037037037
261 B 27 9 13 5 0.333333333333333 0.481481481481481 0.185185185185185
262 B 17 7 7 3 0.411764705882353 0.411764705882353 0.176470588235294
263 B 22 7 11 4 0.318181818181818 0.5 0.181818181818182
264 B 29 6 15 8 0.206896551724138 0.517241379310345 0.275862068965517
265 B 30 1 15 14 0.0333333333333333 0.5 0.466666666666667
266 B 20 3 10 7 0.15 0.5 0.35
267 B 20 3 10 7 0.15 0.5 0.35
268 B 32 3 9 20 0.09375 0.28125 0.625
269 B 24 1 11 12 0.0416666666666667 0.458333333333333 0.5
270 B 15 4 8 3 0.266666666666667 0.533333333333333 0.2
271 B 20 5 8 7 0.25 0.4 0.35
272 B 29 2 8 19 0.0689655172413793 0.275862068965517 0.655172413793103
273 B 22 2 7 13 0.0909090909090909 0.318181818181818 0.590909090909091
274 B 9 3 2 4 0.333333333333333 0.222222222222222 0.444444444444444
275 B 16 3 6 7 0.1875 0.375 0.4375
276 B 33 6 11 16 0.181818181818182 0.333333333333333 0.484848484848485
277 B 27 5 11 11 0.185185185185185 0.407407407407407 0.407407407407407
278 B 14 2 4 8 0.142857142857143 0.285714285714286 0.571428571428571
279 B 17 1 8 8 0.0588235294117647 0.470588235294118 0.470588235294118
280 B 35 1 15 19 0.0285714285714286 0.428571428571429 0.542857142857143
281 B 31 1 9 21 0.032258064516129 0.290322580645161 0.67741935483871
282 B 15 0 7 8 0 0.466666666666667 0.533333333333333
283 B 21 1 12 8 0.0476190476190476 0.571428571428571 0.380952380952381
284 B 36 1 13 22 0.0277777777777778 0.361111111111111 0.611111111111111
285 B 21 0 9 12 0 0.428571428571429 0.571428571428571
286 B 15 1 10 4 0.0666666666666667 0.666666666666667 0.266666666666667
287 B 28 5 15 8 0.178571428571429 0.535714285714286 0.285714285714286
288 B 34 2 18 14 0.0588235294117647 0.529411764705882 0.411764705882353
289 B 20 6 10 4 0.3 0.5 0.2
290 B 20 10 8 2 0.5 0.4 0.1
291 B 29 12 16 1 0.413793103448276 0.551724137931034 0.0344827586206897
292 B 22 9 9 4 0.409090909090909 0.409090909090909 0.181818181818182
293 B 17 7 7 3 0.411764705882353 0.411764705882353 0.176470588235294
294 B 26 9 13 4 0.346153846153846 0.5 0.153846153846154
295 B 24 3 17 4 0.125 0.708333333333333 0.166666666666667
296 B 17 2 12 3 0.117647058823529 0.705882352941177 0.176470588235294
297 B 23 2 11 10 0.0869565217391304 0.478260869565217 0.434782608695652
298 B 47 3 34 10 0.0638297872340425 0.723404255319149 0.212765957446809
299 B 34 2 25 7 0.0588235294117647 0.735294117647059 0.205882352941176
300 B 39 3 27 9 0.0769230769230769 0.692307692307692 0.230769230769231
301 B 29 2 20 7 0.0689655172413793 0.689655172413793 0.241379310344828
302 B 33 5 17 11 0.151515151515152 0.515151515151515 0.333333333333333
303 B 47 2 29 16 0.0425531914893617 0.617021276595745 0.340425531914894
304 B 51 1 37 13 0.0196078431372549 0.725490196078431 0.254901960784314
305 B 37 0 17 20 0 0.459459459459459 0.540540540540541
306 B 38 0 13 25 0 0.342105263157895 0.657894736842105
307 B 37 1 23 13 0.027027027027027 0.621621621621622 0.351351351351351
308 B 28 2 12 14 0.0714285714285714 0.428571428571429 0.5
309 B 31 0 6 25 0 0.193548387096774 0.806451612903226
310 B 30 0 7 23 0 0.233333333333333 0.766666666666667
311 B 23 3 12 8 0.130434782608696 0.521739130434783 0.347826086956522
312 B 31 1 10 20 0.032258064516129 0.32258064516129 0.645161290322581
313 B 27 0 8 19 0 0.296296296296296 0.703703703703704
314 B 15 1 6 8 0.0666666666666667 0.4 0.533333333333333
315 B 16 2 9 5 0.125 0.5625 0.3125
316 B 26 1 10 15 0.0384615384615385 0.384615384615385 0.576923076923077
317 B 17 3 8 6 0.176470588235294 0.470588235294118 0.352941176470588
318 B 20 4 10 6 0.2 0.5 0.3
319 B 9 4 4 1 0.444444444444444 0.444444444444444 0.111111111111111
0 C 3 0 2 1 0 0.666666666666667 0.333333333333333
1 C 6 0 4 2 0 0.666666666666667 0.333333333333333
2 C 14 2 7 5 0.142857142857143 0.5 0.357142857142857
3 C 18 4 9 5 0.222222222222222 0.5 0.277777777777778
4 C 13 3 5 5 0.230769230769231 0.384615384615385 0.384615384615385
5 C 20 2 8 10 0.1 0.4 0.5
6 C 6 0 1 5 0 0.166666666666667 0.833333333333333
7 C 13 0 6 7 0 0.461538461538462 0.538461538461538
8 C 29 0 17 12 0 0.586206896551724 0.413793103448276
9 C 16 1 8 7 0.0625 0.5 0.4375
10 C 29 1 18 10 0.0344827586206897 0.620689655172414 0.344827586206897
11 C 34 3 14 17 0.0882352941176471 0.411764705882353 0.5
12 C 31 2 12 17 0.0645161290322581 0.387096774193548 0.548387096774194
13 C 35 4 18 13 0.114285714285714 0.514285714285714 0.371428571428571
14 C 33 5 14 14 0.151515151515152 0.424242424242424 0.424242424242424
15 C 23 8 6 9 0.347826086956522 0.260869565217391 0.391304347826087
16 C 20 6 2 12 0.3 0.1 0.6
17 C 25 6 10 9 0.24 0.4 0.36
18 C 26 4 12 10 0.153846153846154 0.461538461538462 0.384615384615385
19 C 31 3 15 13 0.0967741935483871 0.483870967741935 0.419354838709677
20 C 39 4 12 23 0.102564102564103 0.307692307692308 0.58974358974359
21 C 14 4 5 5 0.285714285714286 0.357142857142857 0.357142857142857
22 C 23 2 14 7 0.0869565217391304 0.608695652173913 0.304347826086957
23 C 26 3 5 18 0.115384615384615 0.192307692307692 0.692307692307692
24 C 16 0 4 12 0 0.25 0.75
25 C 22 1 10 11 0.0454545454545455 0.454545454545455 0.5
26 C 35 13 20 2 0.371428571428571 0.571428571428571 0.0571428571428571
27 C 24 10 13 1 0.416666666666667 0.541666666666667 0.0416666666666667
28 C 22 6 14 2 0.272727272727273 0.636363636363636 0.0909090909090909
29 C 27 3 17 7 0.111111111111111 0.62962962962963 0.259259259259259
30 C 29 2 17 10 0.0689655172413793 0.586206896551724 0.344827586206897
31 C 20 0 17 3 0 0.85 0.15
32 C 23 0 16 7 0 0.695652173913043 0.304347826086957
33 C 25 0 11 14 0 0.44 0.56
34 C 22 2 12 8 0.0909090909090909 0.545454545454545 0.363636363636364
35 C 20 2 13 5 0.1 0.65 0.25
36 C 27 3 10 14 0.111111111111111 0.37037037037037 0.518518518518518
37 C 27 2 13 12 0.0740740740740741 0.481481481481481 0.444444444444444
38 C 13 1 9 3 0.0769230769230769 0.692307692307692 0.230769230769231
39 C 13 2 6 5 0.153846153846154 0.461538461538462 0.384615384615385
40 C 17 3 9 5 0.176470588235294 0.529411764705882 0.294117647058824
41 C 23 6 10 7 0.260869565217391 0.434782608695652 0.304347826086957
42 C 29 4 10 15 0.137931034482759 0.344827586206897 0.517241379310345
43 C 28 7 15 6 0.25 0.535714285714286 0.214285714285714
44 C 36 4 14 18 0.111111111111111 0.388888888888889 0.5
45 C 36 1 6 29 0.0277777777777778 0.166666666666667 0.805555555555556
46 C 45 0 1 44 0 0.0222222222222222 0.977777777777778
47 C 40 1 8 31 0.025 0.2 0.775
48 C 41 3 18 20 0.0731707317073171 0.439024390243902 0.48780487804878
49 C 32 3 24 5 0.09375 0.75 0.15625
50 C 25 4 20 1 0.16 0.8 0.04
51 C 38 7 30 1 0.184210526315789 0.789473684210526 0.0263157894736842
52 C 33 8 23 2 0.242424242424242 0.696969696969697 0.0606060606060606
53 C 39 4 30 5 0.102564102564103 0.769230769230769 0.128205128205128
54 C 38 4 25 9 0.105263157894737 0.657894736842105 0.236842105263158
55 C 41 4 18 19 0.0975609756097561 0.439024390243902 0.463414634146341
56 C 38 6 16 16 0.157894736842105 0.421052631578947 0.421052631578947
57 C 30 6 13 11 0.2 0.433333333333333 0.366666666666667
58 C 28 6 8 14 0.214285714285714 0.285714285714286 0.5
59 C 32 2 8 22 0.0625 0.25 0.6875
60 C 39 1 9 29 0.0256410256410256 0.230769230769231 0.743589743589744
61 C 28 5 9 14 0.178571428571429 0.321428571428571 0.5
62 C 33 4 12 17 0.121212121212121 0.363636363636364 0.515151515151515
63 C 36 0 10 26 0 0.277777777777778 0.722222222222222
64 C 40 1 8 31 0.025 0.2 0.775
65 C 22 2 11 9 0.0909090909090909 0.5 0.409090909090909
66 C 22 2 14 6 0.0909090909090909 0.636363636363636 0.272727272727273
67 C 29 4 11 14 0.137931034482759 0.379310344827586 0.482758620689655
68 C 15 3 5 7 0.2 0.333333333333333 0.466666666666667
69 C 33 1 12 20 0.0303030303030303 0.363636363636364 0.606060606060606
70 C 23 0 14 9 0 0.608695652173913 0.391304347826087
71 C 26 0 5 21 0 0.192307692307692 0.807692307692308
72 C 15 0 2 13 0 0.133333333333333 0.866666666666667
73 C 18 0 4 14 0 0.222222222222222 0.777777777777778
74 C 21 1 4 16 0.0476190476190476 0.19047619047619 0.761904761904762
75 C 33 6 14 13 0.181818181818182 0.424242424242424 0.393939393939394
76 C 48 4 22 22 0.0833333333333333 0.458333333333333 0.458333333333333
77 C 35 3 25 7 0.0857142857142857 0.714285714285714 0.2
78 C 19 0 12 7 0 0.631578947368421 0.368421052631579
79 C 31 0 12 19 0 0.387096774193548 0.612903225806452
80 C 29 1 15 13 0.0344827586206897 0.517241379310345 0.448275862068966
81 C 29 0 14 15 0 0.482758620689655 0.517241379310345
82 C 15 0 8 7 0 0.533333333333333 0.466666666666667
83 C 23 0 11 12 0 0.478260869565217 0.521739130434783
84 C 32 0 9 23 0 0.28125 0.71875
85 C 22 0 12 10 0 0.545454545454545 0.454545454545455
86 C 16 1 9 6 0.0625 0.5625 0.375
87 C 16 1 10 5 0.0625 0.625 0.3125
88 C 30 1 12 17 0.0333333333333333 0.4 0.566666666666667
89 C 25 1 15 9 0.04 0.6 0.36
90 C 17 1 13 3 0.0588235294117647 0.764705882352941 0.176470588235294
91 C 26 1 13 12 0.0384615384615385 0.5 0.461538461538462
92 C 37 5 20 12 0.135135135135135 0.540540540540541 0.324324324324324
93 C 20 3 14 3 0.15 0.7 0.15
94 C 15 1 11 3 0.0666666666666667 0.733333333333333 0.2
95 C 11 2 9 0 0.181818181818182 0.818181818181818 0
96 C 18 2 16 0 0.111111111111111 0.888888888888889 0
97 C 6 1 5 0 0.166666666666667 0.833333333333333 0
98 C 9 0 9 0 0 1 0
99 C 11 0 11 0 0 1 0
100 C 22 1 19 2 0.0454545454545455 0.863636363636364 0.0909090909090909
101 C 28 2 19 7 0.0714285714285714 0.678571428571429 0.25
102 C 34 1 23 10 0.0294117647058824 0.676470588235294 0.294117647058824
103 C 37 0 10 27 0 0.27027027027027 0.72972972972973
104 C 34 0 2 32 0 0.0588235294117647 0.941176470588235
105 C 35 0 2 33 0 0.0571428571428571 0.942857142857143
106 C 42 1 9 32 0.0238095238095238 0.214285714285714 0.761904761904762
107 C 48 9 21 18 0.1875 0.4375 0.375
108 C 39 11 19 9 0.282051282051282 0.487179487179487 0.230769230769231
109 C 35 1 14 20 0.0285714285714286 0.4 0.571428571428571
110 C 34 1 22 11 0.0294117647058824 0.647058823529412 0.323529411764706
111 C 23 2 20 1 0.0869565217391304 0.869565217391304 0.0434782608695652
112 C 17 1 15 1 0.0588235294117647 0.882352941176471 0.0588235294117647
113 C 16 2 12 2 0.125 0.75 0.125
114 C 30 2 23 5 0.0666666666666667 0.766666666666667 0.166666666666667
115 C 26 1 21 4 0.0384615384615385 0.807692307692308 0.153846153846154
116 C 22 0 19 3 0 0.863636363636364 0.136363636363636
117 C 37 0 22 15 0 0.594594594594595 0.405405405405405
118 C 33 1 20 12 0.0303030303030303 0.606060606060606 0.363636363636364
119 C 33 3 24 6 0.0909090909090909 0.727272727272727 0.181818181818182
120 C 43 1 28 14 0.0232558139534884 0.651162790697674 0.325581395348837
121 C 29 0 15 14 0 0.517241379310345 0.482758620689655
122 C 31 6 16 9 0.193548387096774 0.516129032258065 0.290322580645161
123 C 28 7 17 4 0.25 0.607142857142857 0.142857142857143
124 C 27 0 17 10 0 0.62962962962963 0.37037037037037
125 C 32 0 21 11 0 0.65625 0.34375
126 C 18 0 16 2 0 0.888888888888889 0.111111111111111
127 C 15 0 13 2 0 0.866666666666667 0.133333333333333
128 C 24 2 18 4 0.0833333333333333 0.75 0.166666666666667
129 C 31 2 24 5 0.0645161290322581 0.774193548387097 0.161290322580645
130 C 17 1 9 7 0.0588235294117647 0.529411764705882 0.411764705882353
131 C 17 3 12 2 0.176470588235294 0.705882352941177 0.117647058823529
132 C 33 3 16 14 0.0909090909090909 0.484848484848485 0.424242424242424
133 C 34 0 18 16 0 0.529411764705882 0.470588235294118
134 C 31 0 4 27 0 0.129032258064516 0.870967741935484
135 C 36 0 1 35 0 0.0277777777777778 0.972222222222222
136 C 40 0 4 36 0 0.1 0.9
137 C 45 3 20 22 0.0666666666666667 0.444444444444444 0.488888888888889
138 C 40 4 20 16 0.1 0.5 0.4
139 C 25 4 17 4 0.16 0.68 0.16
140 C 26 0 21 5 0 0.807692307692308 0.192307692307692
141 C 32 0 17 15 0 0.53125 0.46875
142 C 13 1 7 5 0.0769230769230769 0.538461538461538 0.384615384615385
143 C 30 1 20 9 0.0333333333333333 0.666666666666667 0.3
144 C 32 0 11 21 0 0.34375 0.65625
145 C 25 4 10 11 0.16 0.4 0.44
146 C 20 5 8 7 0.25 0.4 0.35
147 C 36 9 20 7 0.25 0.555555555555556 0.194444444444444
148 C 41 5 17 19 0.121951219512195 0.414634146341463 0.463414634146341
149 C 32 4 10 18 0.125 0.3125 0.5625
150 C 34 4 25 5 0.117647058823529 0.735294117647059 0.147058823529412
151 C 31 4 22 5 0.129032258064516 0.709677419354839 0.161290322580645
152 C 28 4 10 14 0.142857142857143 0.357142857142857 0.5
153 C 24 5 8 11 0.208333333333333 0.333333333333333 0.458333333333333
154 C 21 0 2 19 0 0.0952380952380952 0.904761904761905
155 C 23 1 4 18 0.0434782608695652 0.173913043478261 0.782608695652174
156 C 20 1 9 10 0.05 0.45 0.5
157 C 40 3 25 12 0.075 0.625 0.3
158 C 39 3 31 5 0.0769230769230769 0.794871794871795 0.128205128205128
159 C 24 7 15 2 0.291666666666667 0.625 0.0833333333333333
160 C 31 12 17 2 0.387096774193548 0.548387096774194 0.0645161290322581
161 C 20 4 14 2 0.2 0.7 0.1
162 C 13 2 10 1 0.153846153846154 0.769230769230769 0.0769230769230769
163 C 18 5 12 1 0.277777777777778 0.666666666666667 0.0555555555555556
164 C 34 12 19 3 0.352941176470588 0.558823529411765 0.0882352941176471
165 C 30 5 20 5 0.166666666666667 0.666666666666667 0.166666666666667
166 C 17 2 10 5 0.117647058823529 0.588235294117647 0.294117647058824
167 C 16 4 9 3 0.25 0.5625 0.1875
168 C 29 4 13 12 0.137931034482759 0.448275862068966 0.413793103448276
169 C 29 0 12 17 0 0.413793103448276 0.586206896551724
170 C 16 3 6 7 0.1875 0.375 0.4375
171 C 20 2 9 9 0.1 0.45 0.45
172 C 32 1 8 23 0.03125 0.25 0.71875
173 C 30 1 4 25 0.0333333333333333 0.133333333333333 0.833333333333333
174 C 15 2 5 8 0.133333333333333 0.333333333333333 0.533333333333333
175 C 18 1 8 9 0.0555555555555556 0.444444444444444 0.5
176 C 31 0 5 26 0 0.161290322580645 0.838709677419355
177 C 24 0 7 17 0 0.291666666666667 0.708333333333333
178 C 19 1 10 8 0.0526315789473684 0.526315789473684 0.421052631578947
179 C 27 3 7 17 0.111111111111111 0.259259259259259 0.62962962962963
180 C 29 0 10 19 0 0.344827586206897 0.655172413793103
181 C 15 0 9 6 0 0.6 0.4
182 C 11 1 5 5 0.0909090909090909 0.454545454545455 0.454545454545455
183 C 13 0 6 7 0 0.461538461538462 0.538461538461538
184 C 13 1 8 4 0.0769230769230769 0.615384615384615 0.307692307692308
185 C 25 1 12 12 0.04 0.48 0.48
186 C 19 0 5 14 0 0.263157894736842 0.736842105263158
187 C 25 0 5 20 0 0.2 0.8
188 C 18 1 6 11 0.0555555555555556 0.333333333333333 0.611111111111111
189 C 26 3 12 11 0.115384615384615 0.461538461538462 0.423076923076923
190 C 19 1 8 10 0.0526315789473684 0.421052631578947 0.526315789473684
191 C 21 1 11 9 0.0476190476190476 0.523809523809524 0.428571428571429
192 C 44 1 13 30 0.0227272727272727 0.295454545454545 0.681818181818182
193 C 38 0 3 35 0 0.0789473684210526 0.921052631578947
194 C 25 0 7 18 0 0.28 0.72
195 C 28 1 8 19 0.0357142857142857 0.285714285714286 0.678571428571429
196 C 35 2 4 29 0.0571428571428571 0.114285714285714 0.828571428571429
197 C 34 2 7 25 0.0588235294117647 0.205882352941176 0.735294117647059
198 C 16 2 8 6 0.125 0.5 0.375
199 C 16 4 6 6 0.25 0.375 0.375
200 C 23 5 14 4 0.217391304347826 0.608695652173913 0.173913043478261
201 C 26 4 19 3 0.153846153846154 0.730769230769231 0.115384615384615
202 C 30 4 26 0 0.133333333333333 0.866666666666667 0
203 C 41 4 32 5 0.0975609756097561 0.780487804878049 0.121951219512195
204 C 36 0 20 16 0 0.555555555555556 0.444444444444444
205 C 42 1 30 11 0.0238095238095238 0.714285714285714 0.261904761904762
206 C 42 5 30 7 0.119047619047619 0.714285714285714 0.166666666666667
207 C 48 3 22 23 0.0625 0.458333333333333 0.479166666666667
208 C 40 1 14 25 0.025 0.35 0.625
209 C 43 5 24 14 0.116279069767442 0.558139534883721 0.325581395348837
210 C 31 2 16 13 0.0645161290322581 0.516129032258065 0.419354838709677
211 C 36 2 11 23 0.0555555555555556 0.305555555555556 0.638888888888889
212 C 24 5 13 6 0.208333333333333 0.541666666666667 0.25
213 C 23 4 17 2 0.173913043478261 0.739130434782609 0.0869565217391304
214 C 24 0 12 12 0 0.5 0.5
215 C 27 1 15 11 0.037037037037037 0.555555555555556 0.407407407407407
216 C 22 0 20 2 0 0.909090909090909 0.0909090909090909
217 C 16 0 11 5 0 0.6875 0.3125
218 C 21 2 12 7 0.0952380952380952 0.571428571428571 0.333333333333333
219 C 32 2 11 19 0.0625 0.34375 0.59375
220 C 50 3 14 33 0.06 0.28 0.66
221 C 34 6 13 15 0.176470588235294 0.382352941176471 0.441176470588235
222 C 24 4 8 12 0.166666666666667 0.333333333333333 0.5
223 C 20 2 9 9 0.1 0.45 0.45
224 C 41 2 10 29 0.0487804878048781 0.24390243902439 0.707317073170732
225 C 45 1 14 30 0.0222222222222222 0.311111111111111 0.666666666666667
226 C 21 0 9 12 0 0.428571428571429 0.571428571428571
227 C 19 0 7 12 0 0.368421052631579 0.631578947368421
228 C 26 1 2 23 0.0384615384615385 0.0769230769230769 0.884615384615385
229 C 16 2 4 10 0.125 0.25 0.625
230 C 13 0 7 6 0 0.538461538461538 0.461538461538462
231 C 13 0 10 3 0 0.769230769230769 0.230769230769231
232 C 13 0 9 4 0 0.692307692307692 0.307692307692308
233 C 7 1 4 2 0.142857142857143 0.571428571428571 0.285714285714286
234 C 10 4 3 3 0.4 0.3 0.3
235 C 23 5 9 9 0.217391304347826 0.391304347826087 0.391304347826087
236 C 16 7 6 3 0.4375 0.375 0.1875
237 C 20 7 9 4 0.35 0.45 0.2
238 C 33 5 11 17 0.151515151515152 0.333333333333333 0.515151515151515
239 C 27 3 11 13 0.111111111111111 0.407407407407407 0.481481481481481
240 C 19 6 9 4 0.315789473684211 0.473684210526316 0.210526315789474
241 C 40 8 18 14 0.2 0.45 0.35
242 C 37 0 13 24 0 0.351351351351351 0.648648648648649
243 C 23 2 11 10 0.0869565217391304 0.478260869565217 0.434782608695652
244 C 16 1 10 5 0.0625 0.625 0.3125
245 C 22 0 11 11 0 0.5 0.5
246 C 27 3 15 9 0.111111111111111 0.555555555555556 0.333333333333333
247 C 24 2 11 11 0.0833333333333333 0.458333333333333 0.458333333333333
248 C 16 5 8 3 0.3125 0.5 0.1875
249 C 29 7 17 5 0.241379310344828 0.586206896551724 0.172413793103448
250 C 47 3 21 23 0.0638297872340425 0.446808510638298 0.48936170212766
251 C 26 4 13 9 0.153846153846154 0.5 0.346153846153846
252 C 15 4 9 2 0.266666666666667 0.6 0.133333333333333
253 C 28 4 12 12 0.142857142857143 0.428571428571429 0.428571428571429
254 C 41 6 18 17 0.146341463414634 0.439024390243902 0.414634146341463
255 C 23 6 13 4 0.260869565217391 0.565217391304348 0.173913043478261
256 C 17 4 10 3 0.235294117647059 0.588235294117647 0.176470588235294
257 C 22 6 12 4 0.272727272727273 0.545454545454545 0.181818181818182
258 C 32 5 18 9 0.15625 0.5625 0.28125
259 C 13 4 7 2 0.307692307692308 0.538461538461538 0.153846153846154
260 C 21 6 14 1 0.285714285714286 0.666666666666667 0.0476190476190476
261 C 35 4 20 11 0.114285714285714 0.571428571428571 0.314285714285714
262 C 34 2 22 10 0.0588235294117647 0.647058823529412 0.294117647058824
263 C 29 4 18 7 0.137931034482759 0.620689655172414 0.241379310344828
264 C 32 4 16 12 0.125 0.5 0.375
265 C 42 0 22 20 0 0.523809523809524 0.476190476190476
266 C 36 1 21 14 0.0277777777777778 0.583333333333333 0.388888888888889
267 C 20 1 10 9 0.05 0.5 0.45
268 C 32 1 9 22 0.03125 0.28125 0.6875
269 C 27 2 7 18 0.0740740740740741 0.259259259259259 0.666666666666667
270 C 18 5 7 6 0.277777777777778 0.388888888888889 0.333333333333333
271 C 21 6 5 10 0.285714285714286 0.238095238095238 0.476190476190476
272 C 28 3 7 18 0.107142857142857 0.25 0.642857142857143
273 C 23 4 7 12 0.173913043478261 0.304347826086957 0.521739130434783
274 C 9 4 2 3 0.444444444444444 0.222222222222222 0.333333333333333
275 C 18 3 9 6 0.166666666666667 0.5 0.333333333333333
276 C 31 5 11 15 0.161290322580645 0.354838709677419 0.483870967741935
277 C 25 4 12 9 0.16 0.48 0.36
278 C 13 2 3 8 0.153846153846154 0.230769230769231 0.615384615384615
279 C 13 1 5 7 0.0769230769230769 0.384615384615385 0.538461538461538
280 C 31 1 13 17 0.032258064516129 0.419354838709677 0.548387096774194
281 C 29 1 5 23 0.0344827586206897 0.172413793103448 0.793103448275862
282 C 24 0 5 19 0 0.208333333333333 0.791666666666667
283 C 24 1 12 11 0.0416666666666667 0.5 0.458333333333333
284 C 36 1 12 23 0.0277777777777778 0.333333333333333 0.638888888888889
285 C 34 1 15 18 0.0294117647058824 0.441176470588235 0.529411764705882
286 C 30 5 16 9 0.166666666666667 0.533333333333333 0.3
287 C 30 7 15 8 0.233333333333333 0.5 0.266666666666667
288 C 38 3 21 14 0.0789473684210526 0.552631578947368 0.368421052631579
289 C 47 7 31 9 0.148936170212766 0.659574468085106 0.191489361702128
290 C 24 10 14 0 0.416666666666667 0.583333333333333 0
291 C 32 10 20 2 0.3125 0.625 0.0625
292 C 49 5 37 7 0.102040816326531 0.755102040816326 0.142857142857143
293 C 47 11 32 4 0.234042553191489 0.680851063829787 0.0851063829787234
294 C 43 9 27 7 0.209302325581395 0.627906976744186 0.162790697674419
295 C 39 0 32 7 0 0.82051282051282 0.179487179487179
296 C 24 1 15 8 0.0416666666666667 0.625 0.333333333333333
297 C 30 0 19 11 0 0.633333333333333 0.366666666666667
298 C 50 0 43 7 0 0.86 0.14
299 C 33 0 27 6 0 0.818181818181818 0.181818181818182
300 C 42 2 32 8 0.0476190476190476 0.761904761904762 0.19047619047619
301 C 34 2 25 7 0.0588235294117647 0.735294117647059 0.205882352941176
302 C 40 5 23 12 0.125 0.575 0.3
303 C 54 1 33 20 0.0185185185185185 0.611111111111111 0.37037037037037
304 C 52 0 36 16 0 0.692307692307692 0.307692307692308
305 C 35 0 14 21 0 0.4 0.6
306 C 39 1 13 25 0.0256410256410256 0.333333333333333 0.641025641025641
307 C 34 0 20 14 0 0.588235294117647 0.411764705882353
308 C 28 1 11 16 0.0357142857142857 0.392857142857143 0.571428571428571
309 C 32 0 6 26 0 0.1875 0.8125
310 C 32 0 10 22 0 0.3125 0.6875
311 C 26 2 11 13 0.0769230769230769 0.423076923076923 0.5
312 C 32 1 8 23 0.03125 0.25 0.71875
313 C 30 0 4 26 0 0.133333333333333 0.866666666666667
314 C 17 1 5 11 0.0588235294117647 0.294117647058824 0.647058823529412
315 C 18 2 7 9 0.111111111111111 0.388888888888889 0.5
316 C 29 1 10 18 0.0344827586206897 0.344827586206897 0.620689655172414
317 C 18 3 9 6 0.166666666666667 0.5 0.333333333333333
318 C 23 3 12 8 0.130434782608696 0.521739130434783 0.347826086956522
319 C 10 3 6 1 0.3 0.6 0.1
1 D 4 0 4 0 0 1 0
2 D 13 3 6 4 0.230769230769231 0.461538461538462 0.307692307692308
3 D 17 5 8 4 0.294117647058824 0.470588235294118 0.235294117647059
4 D 13 3 4 6 0.230769230769231 0.307692307692308 0.461538461538462
5 D 20 2 8 10 0.1 0.4 0.5
6 D 9 0 2 7 0 0.222222222222222 0.777777777777778
7 D 13 0 5 8 0 0.384615384615385 0.615384615384615
8 D 29 0 14 15 0 0.482758620689655 0.517241379310345
9 D 17 1 7 9 0.0588235294117647 0.411764705882353 0.529411764705882
10 D 29 2 18 9 0.0689655172413793 0.620689655172414 0.310344827586207
11 D 31 3 13 15 0.0967741935483871 0.419354838709677 0.483870967741935
12 D 31 3 12 16 0.0967741935483871 0.387096774193548 0.516129032258065
13 D 33 3 14 16 0.0909090909090909 0.424242424242424 0.484848484848485
14 D 36 6 11 19 0.166666666666667 0.305555555555556 0.527777777777778
15 D 27 11 6 10 0.407407407407407 0.222222222222222 0.37037037037037
16 D 22 7 3 12 0.318181818181818 0.136363636363636 0.545454545454545
17 D 25 7 11 7 0.28 0.44 0.28
18 D 26 4 13 9 0.153846153846154 0.5 0.346153846153846
19 D 29 3 16 10 0.103448275862069 0.551724137931034 0.344827586206897
20 D 41 4 13 24 0.0975609756097561 0.317073170731707 0.585365853658537
21 D 14 4 5 5 0.285714285714286 0.357142857142857 0.357142857142857
22 D 23 2 15 6 0.0869565217391304 0.652173913043478 0.260869565217391
23 D 29 4 10 15 0.137931034482759 0.344827586206897 0.517241379310345
24 D 19 0 9 10 0 0.473684210526316 0.526315789473684
25 D 22 1 12 9 0.0454545454545455 0.545454545454545 0.409090909090909
26 D 34 11 21 2 0.323529411764706 0.617647058823529 0.0588235294117647
27 D 23 9 13 1 0.391304347826087 0.565217391304348 0.0434782608695652
28 D 22 6 15 1 0.272727272727273 0.681818181818182 0.0454545454545455
29 D 28 6 16 6 0.214285714285714 0.571428571428571 0.214285714285714
30 D 29 3 17 9 0.103448275862069 0.586206896551724 0.310344827586207
31 D 26 1 20 5 0.0384615384615385 0.769230769230769 0.192307692307692
32 D 25 2 15 8 0.08 0.6 0.32
33 D 29 0 11 18 0 0.379310344827586 0.620689655172414
34 D 26 2 14 10 0.0769230769230769 0.538461538461538 0.384615384615385
35 D 19 1 12 6 0.0526315789473684 0.631578947368421 0.315789473684211
36 D 26 2 11 13 0.0769230769230769 0.423076923076923 0.5
37 D 27 2 14 11 0.0740740740740741 0.518518518518518 0.407407407407407
38 D 11 1 8 2 0.0909090909090909 0.727272727272727 0.181818181818182
39 D 10 2 5 3 0.2 0.5 0.3
40 D 16 3 9 4 0.1875 0.5625 0.25
41 D 23 6 11 6 0.260869565217391 0.478260869565217 0.260869565217391
42 D 29 4 11 14 0.137931034482759 0.379310344827586 0.482758620689655
43 D 27 5 17 5 0.185185185185185 0.62962962962963 0.185185185185185
44 D 37 5 15 17 0.135135135135135 0.405405405405405 0.459459459459459
45 D 37 1 9 27 0.027027027027027 0.243243243243243 0.72972972972973
46 D 42 0 1 41 0 0.0238095238095238 0.976190476190476
47 D 43 2 10 31 0.0465116279069767 0.232558139534884 0.720930232558139
48 D 42 3 21 18 0.0714285714285714 0.5 0.428571428571429
49 D 32 3 24 5 0.09375 0.75 0.15625
50 D 19 5 13 1 0.263157894736842 0.684210526315789 0.0526315789473684
51 D 26 4 22 0 0.153846153846154 0.846153846153846 0
52 D 30 8 21 1 0.266666666666667 0.7 0.0333333333333333
53 D 37 2 28 7 0.0540540540540541 0.756756756756757 0.189189189189189
54 D 39 2 29 8 0.0512820512820513 0.743589743589744 0.205128205128205
55 D 43 2 23 18 0.0465116279069767 0.534883720930233 0.418604651162791
56 D 42 3 25 14 0.0714285714285714 0.595238095238095 0.333333333333333
57 D 33 5 19 9 0.151515151515152 0.575757575757576 0.272727272727273
58 D 32 5 13 14 0.15625 0.40625 0.4375
59 D 34 1 11 22 0.0294117647058824 0.323529411764706 0.647058823529412
60 D 39 1 11 27 0.0256410256410256 0.282051282051282 0.692307692307692
61 D 28 6 7 15 0.214285714285714 0.25 0.535714285714286
62 D 36 4 11 21 0.111111111111111 0.305555555555556 0.583333333333333
63 D 35 0 8 27 0 0.228571428571429 0.771428571428571
64 D 41 1 8 32 0.024390243902439 0.195121951219512 0.780487804878049
65 D 21 2 10 9 0.0952380952380952 0.476190476190476 0.428571428571429
66 D 23 2 13 8 0.0869565217391304 0.565217391304348 0.347826086956522
67 D 29 4 11 14 0.137931034482759 0.379310344827586 0.482758620689655
68 D 15 3 5 7 0.2 0.333333333333333 0.466666666666667
69 D 32 1 14 17 0.03125 0.4375 0.53125
70 D 19 0 10 9 0 0.526315789473684 0.473684210526316
71 D 26 0 5 21 0 0.192307692307692 0.807692307692308
72 D 17 0 2 15 0 0.117647058823529 0.882352941176471
73 D 18 0 4 14 0 0.222222222222222 0.777777777777778
74 D 24 1 3 20 0.0416666666666667 0.125 0.833333333333333
75 D 39 7 15 17 0.179487179487179 0.384615384615385 0.435897435897436
76 D 55 4 23 28 0.0727272727272727 0.418181818181818 0.509090909090909
77 D 40 2 30 8 0.05 0.75 0.2
78 D 22 0 14 8 0 0.636363636363636 0.363636363636364
79 D 35 0 13 22 0 0.371428571428571 0.628571428571429
80 D 29 0 18 11 0 0.620689655172414 0.379310344827586
81 D 29 0 16 13 0 0.551724137931034 0.448275862068966
82 D 16 0 10 6 0 0.625 0.375
83 D 28 0 16 12 0 0.571428571428571 0.428571428571429
84 D 35 0 11 24 0 0.314285714285714 0.685714285714286
85 D 22 0 12 10 0 0.545454545454545 0.454545454545455
86 D 19 0 12 7 0 0.631578947368421 0.368421052631579
87 D 20 0 13 7 0 0.65 0.35
88 D 35 0 12 23 0 0.342857142857143 0.657142857142857
89 D 26 1 15 10 0.0384615384615385 0.576923076923077 0.384615384615385
90 D 18 0 14 4 0 0.777777777777778 0.222222222222222
91 D 23 0 12 11 0 0.521739130434783 0.478260869565217
92 D 33 3 18 12 0.0909090909090909 0.545454545454545 0.363636363636364
93 D 16 1 12 3 0.0625 0.75 0.1875
94 D 11 0 9 2 0 0.818181818181818 0.181818181818182
95 D 8 0 8 0 0 1 0
96 D 17 1 16 0 0.0588235294117647 0.941176470588235 0
97 D 7 0 7 0 0 1 0
98 D 7 0 7 0 0 1 0
99 D 11 0 11 0 0 1 0
100 D 23 1 19 3 0.0434782608695652 0.826086956521739 0.130434782608696
101 D 35 4 24 7 0.114285714285714 0.685714285714286 0.2
102 D 35 2 22 11 0.0571428571428571 0.628571428571429 0.314285714285714
103 D 37 0 10 27 0 0.27027027027027 0.72972972972973
104 D 34 0 2 32 0 0.0588235294117647 0.941176470588235
105 D 37 0 5 32 0 0.135135135135135 0.864864864864865
106 D 43 1 8 34 0.0232558139534884 0.186046511627907 0.790697674418605
107 D 48 10 20 18 0.208333333333333 0.416666666666667 0.375
108 D 42 12 21 9 0.285714285714286 0.5 0.214285714285714
109 D 41 1 17 23 0.024390243902439 0.414634146341463 0.560975609756098
110 D 33 2 21 10 0.0606060606060606 0.636363636363636 0.303030303030303
111 D 24 2 20 2 0.0833333333333333 0.833333333333333 0.0833333333333333
112 D 15 1 12 2 0.0666666666666667 0.8 0.133333333333333
113 D 16 1 12 3 0.0625 0.75 0.1875
114 D 30 1 20 9 0.0333333333333333 0.666666666666667 0.3
115 D 26 1 20 5 0.0384615384615385 0.769230769230769 0.192307692307692
116 D 28 0 25 3 0 0.892857142857143 0.107142857142857
117 D 38 0 25 13 0 0.657894736842105 0.342105263157895
118 D 33 1 20 12 0.0303030303030303 0.606060606060606 0.363636363636364
119 D 33 3 26 4 0.0909090909090909 0.787878787878788 0.121212121212121
120 D 40 1 29 10 0.025 0.725 0.25
121 D 30 0 15 15 0 0.5 0.5
122 D 32 7 17 8 0.21875 0.53125 0.25
123 D 32 8 21 3 0.25 0.65625 0.09375
124 D 28 1 16 11 0.0357142857142857 0.571428571428571 0.392857142857143
125 D 30 3 17 10 0.1 0.566666666666667 0.333333333333333
126 D 17 3 13 1 0.176470588235294 0.764705882352941 0.0588235294117647
127 D 16 1 11 4 0.0625 0.6875 0.25
128 D 23 5 13 5 0.217391304347826 0.565217391304348 0.217391304347826
129 D 30 5 20 5 0.166666666666667 0.666666666666667 0.166666666666667
130 D 19 2 10 7 0.105263157894737 0.526315789473684 0.368421052631579
131 D 16 4 9 3 0.25 0.5625 0.1875
132 D 30 4 13 13 0.133333333333333 0.433333333333333 0.433333333333333
133 D 30 2 14 14 0.0666666666666667 0.466666666666667 0.466666666666667
134 D 30 0 4 26 0 0.133333333333333 0.866666666666667
135 D 38 0 1 37 0 0.0263157894736842 0.973684210526316
136 D 39 0 3 36 0 0.0769230769230769 0.923076923076923
137 D 49 3 21 25 0.0612244897959184 0.428571428571429 0.510204081632653
138 D 42 5 23 14 0.119047619047619 0.547619047619048 0.333333333333333
139 D 23 4 17 2 0.173913043478261 0.739130434782609 0.0869565217391304
140 D 26 1 22 3 0.0384615384615385 0.846153846153846 0.115384615384615
141 D 31 1 19 11 0.032258064516129 0.612903225806452 0.354838709677419
142 D 17 1 12 4 0.0588235294117647 0.705882352941177 0.235294117647059
143 D 32 3 20 9 0.09375 0.625 0.28125
144 D 31 2 10 19 0.0645161290322581 0.32258064516129 0.612903225806452
145 D 25 4 10 11 0.16 0.4 0.44
146 D 19 6 5 8 0.315789473684211 0.263157894736842 0.421052631578947
147 D 38 16 14 8 0.421052631578947 0.368421052631579 0.210526315789474
148 D 42 8 14 20 0.19047619047619 0.333333333333333 0.476190476190476
149 D 33 5 9 19 0.151515151515152 0.272727272727273 0.575757575757576
150 D 35 9 21 5 0.257142857142857 0.6 0.142857142857143
151 D 32 9 19 4 0.28125 0.59375 0.125
152 D 27 4 11 12 0.148148148148148 0.407407407407407 0.444444444444444
153 D 26 4 10 12 0.153846153846154 0.384615384615385 0.461538461538462
154 D 22 0 4 18 0 0.181818181818182 0.818181818181818
155 D 22 1 6 15 0.0454545454545455 0.272727272727273 0.681818181818182
156 D 20 1 11 8 0.05 0.55 0.4
157 D 38 3 27 8 0.0789473684210526 0.710526315789474 0.210526315789474
158 D 37 0 34 3 0 0.918918918918919 0.0810810810810811
159 D 21 2 19 0 0.0952380952380952 0.904761904761905 0
160 D 26 6 20 0 0.230769230769231 0.769230769230769 0
161 D 24 4 18 2 0.166666666666667 0.75 0.0833333333333333
162 D 17 1 14 2 0.0588235294117647 0.823529411764706 0.117647058823529
163 D 18 4 13 1 0.222222222222222 0.722222222222222 0.0555555555555556
164 D 34 10 23 1 0.294117647058824 0.676470588235294 0.0294117647058824
165 D 29 4 20 5 0.137931034482759 0.689655172413793 0.172413793103448
166 D 16 2 10 4 0.125 0.625 0.25
167 D 17 5 10 2 0.294117647058824 0.588235294117647 0.117647058823529
168 D 30 4 15 11 0.133333333333333 0.5 0.366666666666667
169 D 31 0 15 16 0 0.483870967741935 0.516129032258065
170 D 17 3 9 5 0.176470588235294 0.529411764705882 0.294117647058824
171 D 21 2 11 8 0.0952380952380952 0.523809523809524 0.380952380952381
172 D 34 0 12 22 0 0.352941176470588 0.647058823529412
173 D 31 1 6 24 0.032258064516129 0.193548387096774 0.774193548387097
174 D 15 1 6 8 0.0666666666666667 0.4 0.533333333333333
175 D 18 1 9 8 0.0555555555555556 0.5 0.444444444444444
176 D 30 0 6 24 0 0.2 0.8
177 D 24 0 8 16 0 0.333333333333333 0.666666666666667
178 D 18 1 10 7 0.0555555555555556 0.555555555555556 0.388888888888889
179 D 29 3 8 18 0.103448275862069 0.275862068965517 0.620689655172414
180 D 30 1 11 18 0.0333333333333333 0.366666666666667 0.6
181 D 15 1 9 5 0.0666666666666667 0.6 0.333333333333333
182 D 13 1 5 7 0.0769230769230769 0.384615384615385 0.538461538461538
183 D 16 1 8 7 0.0625 0.5 0.4375
184 D 13 1 8 4 0.0769230769230769 0.615384615384615 0.307692307692308
185 D 26 0 13 13 0 0.5 0.5
186 D 19 0 5 14 0 0.263157894736842 0.736842105263158
187 D 22 0 3 19 0 0.136363636363636 0.863636363636364
188 D 16 1 5 10 0.0625 0.3125 0.625
189 D 23 2 11 10 0.0869565217391304 0.478260869565217 0.434782608695652
190 D 19 1 8 10 0.0526315789473684 0.421052631578947 0.526315789473684
191 D 19 1 12 6 0.0526315789473684 0.631578947368421 0.315789473684211
192 D 39 1 13 25 0.0256410256410256 0.333333333333333 0.641025641025641
193 D 37 0 3 34 0 0.0810810810810811 0.918918918918919
194 D 24 0 8 16 0 0.333333333333333 0.666666666666667
195 D 24 0 9 15 0 0.375 0.625
196 D 37 2 7 28 0.0540540540540541 0.189189189189189 0.756756756756757
197 D 42 2 12 28 0.0476190476190476 0.285714285714286 0.666666666666667
198 D 20 2 10 8 0.1 0.5 0.4
199 D 21 6 8 7 0.285714285714286 0.380952380952381 0.333333333333333
200 D 25 4 15 6 0.16 0.6 0.24
201 D 24 2 14 8 0.0833333333333333 0.583333333333333 0.333333333333333
202 D 25 0 22 3 0 0.88 0.12
203 D 38 2 32 4 0.0526315789473684 0.842105263157895 0.105263157894737
204 D 37 0 22 15 0 0.594594594594595 0.405405405405405
205 D 37 0 24 13 0 0.648648648648649 0.351351351351351
206 D 38 4 28 6 0.105263157894737 0.736842105263158 0.157894736842105
207 D 48 3 24 21 0.0625 0.5 0.4375
208 D 39 0 18 21 0 0.461538461538462 0.538461538461538
209 D 41 4 24 13 0.0975609756097561 0.585365853658537 0.317073170731707
210 D 30 1 18 11 0.0333333333333333 0.6 0.366666666666667
211 D 36 0 15 21 0 0.416666666666667 0.583333333333333
212 D 25 3 16 6 0.12 0.64 0.24
213 D 22 2 16 4 0.0909090909090909 0.727272727272727 0.181818181818182
214 D 18 0 10 8 0 0.555555555555556 0.444444444444444
215 D 28 0 16 12 0 0.571428571428571 0.428571428571429
216 D 14 1 11 2 0.0714285714285714 0.785714285714286 0.142857142857143
217 D 11 0 9 2 0 0.818181818181818 0.181818181818182
218 D 19 0 14 5 0 0.736842105263158 0.263157894736842
219 D 26 1 10 15 0.0384615384615385 0.384615384615385 0.576923076923077
220 D 40 2 11 27 0.05 0.275 0.675
221 D 28 4 11 13 0.142857142857143 0.392857142857143 0.464285714285714
222 D 23 3 9 11 0.130434782608696 0.391304347826087 0.478260869565217
223 D 16 2 6 8 0.125 0.375 0.5
224 D 30 1 6 23 0.0333333333333333 0.2 0.766666666666667
225 D 36 1 10 25 0.0277777777777778 0.277777777777778 0.694444444444444
226 D 14 0 5 9 0 0.357142857142857 0.642857142857143
227 D 13 0 2 11 0 0.153846153846154 0.846153846153846
228 D 25 1 1 23 0.04 0.04 0.92
229 D 15 2 1 12 0.133333333333333 0.0666666666666667 0.8
230 D 13 2 4 7 0.153846153846154 0.307692307692308 0.538461538461538
231 D 9 0 6 3 0 0.666666666666667 0.333333333333333
232 D 10 0 8 2 0 0.8 0.2
233 D 7 1 4 2 0.142857142857143 0.571428571428571 0.285714285714286
234 D 11 4 4 3 0.363636363636364 0.363636363636364 0.272727272727273
235 D 22 5 8 9 0.227272727272727 0.363636363636364 0.409090909090909
236 D 13 6 4 3 0.461538461538462 0.307692307692308 0.230769230769231
237 D 16 6 7 3 0.375 0.4375 0.1875
238 D 28 4 8 16 0.142857142857143 0.285714285714286 0.571428571428571
239 D 27 2 8 17 0.0740740740740741 0.296296296296296 0.62962962962963
240 D 19 5 9 5 0.263157894736842 0.473684210526316 0.263157894736842
241 D 34 5 16 13 0.147058823529412 0.470588235294118 0.382352941176471
242 D 35 0 12 23 0 0.342857142857143 0.657142857142857
243 D 22 1 10 11 0.0454545454545455 0.454545454545455 0.5
244 D 16 0 11 5 0 0.6875 0.3125
245 D 19 0 9 10 0 0.473684210526316 0.526315789473684
246 D 23 2 12 9 0.0869565217391304 0.521739130434783 0.391304347826087
247 D 21 3 6 12 0.142857142857143 0.285714285714286 0.571428571428571
248 D 16 6 7 3 0.375 0.4375 0.1875
249 D 25 7 13 5 0.28 0.52 0.2
250 D 40 3 15 22 0.075 0.375 0.55
251 D 24 5 11 8 0.208333333333333 0.458333333333333 0.333333333333333
252 D 14 5 8 1 0.357142857142857 0.571428571428571 0.0714285714285714
253 D 29 6 10 13 0.206896551724138 0.344827586206897 0.448275862068966
254 D 44 7 21 16 0.159090909090909 0.477272727272727 0.363636363636364
255 D 35 13 19 3 0.371428571428571 0.542857142857143 0.0857142857142857
256 D 26 7 16 3 0.269230769230769 0.615384615384615 0.115384615384615
257 D 30 7 18 5 0.233333333333333 0.6 0.166666666666667
258 D 48 9 32 7 0.1875 0.666666666666667 0.145833333333333
259 D 28 5 20 3 0.178571428571429 0.714285714285714 0.107142857142857
260 D 21 2 17 2 0.0952380952380952 0.80952380952381 0.0952380952380952
261 D 33 3 21 9 0.0909090909090909 0.636363636363636 0.272727272727273
262 D 30 1 20 9 0.0333333333333333 0.666666666666667 0.3
263 D 24 1 17 6 0.0416666666666667 0.708333333333333 0.25
264 D 32 1 19 12 0.03125 0.59375 0.375
265 D 44 0 21 23 0 0.477272727272727 0.522727272727273
266 D 36 0 21 15 0 0.583333333333333 0.416666666666667
267 D 22 0 11 11 0 0.5 0.5
268 D 36 0 12 24 0 0.333333333333333 0.666666666666667
269 D 31 2 10 19 0.0645161290322581 0.32258064516129 0.612903225806452
270 D 23 4 11 8 0.173913043478261 0.478260869565217 0.347826086956522
271 D 21 5 8 8 0.238095238095238 0.380952380952381 0.380952380952381
272 D 29 4 6 19 0.137931034482759 0.206896551724138 0.655172413793103
273 D 17 5 6 6 0.294117647058824 0.352941176470588 0.352941176470588
274 D 9 5 2 2 0.555555555555556 0.222222222222222 0.222222222222222
275 D 19 2 7 10 0.105263157894737 0.368421052631579 0.526315789473684
276 D 31 2 10 19 0.0645161290322581 0.32258064516129 0.612903225806452
277 D 23 3 11 9 0.130434782608696 0.478260869565217 0.391304347826087
278 D 12 2 3 7 0.166666666666667 0.25 0.583333333333333
279 D 14 1 6 7 0.0714285714285714 0.428571428571429 0.5
280 D 30 1 14 15 0.0333333333333333 0.466666666666667 0.5
281 D 25 0 9 16 0 0.36 0.64
282 D 20 0 8 12 0 0.4 0.6
283 D 20 1 12 7 0.05 0.6 0.35
284 D 33 1 13 19 0.0303030303030303 0.393939393939394 0.575757575757576
285 D 32 0 18 14 0 0.5625 0.4375
286 D 22 3 15 4 0.136363636363636 0.681818181818182 0.181818181818182
287 D 30 5 17 8 0.166666666666667 0.566666666666667 0.266666666666667
288 D 36 1 20 15 0.0277777777777778 0.555555555555556 0.416666666666667
289 D 47 4 32 11 0.0851063829787234 0.680851063829787 0.234042553191489
290 D 23 7 16 0 0.304347826086957 0.695652173913043 0
291 D 29 7 20 2 0.241379310344828 0.689655172413793 0.0689655172413793
292 D 47 2 38 7 0.0425531914893617 0.808510638297872 0.148936170212766
293 D 45 5 36 4 0.111111111111111 0.8 0.0888888888888889
294 D 38 4 27 7 0.105263157894737 0.710526315789474 0.184210526315789
295 D 41 0 36 5 0 0.878048780487805 0.121951219512195
296 D 27 0 21 6 0 0.777777777777778 0.222222222222222
297 D 27 0 17 10 0 0.62962962962963 0.37037037037037
298 D 47 0 41 6 0 0.872340425531915 0.127659574468085
299 D 35 0 31 4 0 0.885714285714286 0.114285714285714
300 D 46 3 37 6 0.0652173913043478 0.804347826086957 0.130434782608696
301 D 43 3 34 6 0.0697674418604651 0.790697674418605 0.13953488372093
302 D 42 6 27 9 0.142857142857143 0.642857142857143 0.214285714285714
303 D 54 2 35 17 0.037037037037037 0.648148148148148 0.314814814814815
304 D 52 0 38 14 0 0.730769230769231 0.269230769230769
305 D 37 0 17 20 0 0.459459459459459 0.540540540540541
306 D 39 0 14 25 0 0.358974358974359 0.641025641025641
307 D 36 1 22 13 0.0277777777777778 0.611111111111111 0.361111111111111
308 D 27 2 11 14 0.0740740740740741 0.407407407407407 0.518518518518518
309 D 32 0 6 26 0 0.1875 0.8125
310 D 32 0 9 23 0 0.28125 0.71875
311 D 24 2 13 9 0.0833333333333333 0.541666666666667 0.375
312 D 31 1 9 21 0.032258064516129 0.290322580645161 0.67741935483871
313 D 28 0 8 20 0 0.285714285714286 0.714285714285714
314 D 17 1 6 10 0.0588235294117647 0.352941176470588 0.588235294117647
315 D 15 2 9 4 0.133333333333333 0.6 0.266666666666667
316 D 28 1 11 16 0.0357142857142857 0.392857142857143 0.571428571428571
317 D 17 2 9 6 0.117647058823529 0.529411764705882 0.352941176470588
318 D 21 1 12 8 0.0476190476190476 0.571428571428571 0.380952380952381
319 D 9 1 7 1 0.111111111111111 0.777777777777778 0.111111111111111
2 E 8 1 4 3 0.125 0.5 0.375
3 E 17 4 8 5 0.235294117647059 0.470588235294118 0.294117647058824
4 E 15 3 6 6 0.2 0.4 0.4
5 E 16 1 6 9 0.0625 0.375 0.5625
6 E 8 0 2 6 0 0.25 0.75
7 E 7 0 1 6 0 0.142857142857143 0.857142857142857
8 E 16 0 6 10 0 0.375 0.625
9 E 9 0 3 6 0 0.333333333333333 0.666666666666667
10 E 21 2 11 8 0.0952380952380952 0.523809523809524 0.380952380952381
11 E 36 6 16 14 0.166666666666667 0.444444444444444 0.388888888888889
12 E 30 4 15 11 0.133333333333333 0.5 0.366666666666667
13 E 21 4 9 8 0.19047619047619 0.428571428571429 0.380952380952381
14 E 33 6 9 18 0.181818181818182 0.272727272727273 0.545454545454545
15 E 28 10 7 11 0.357142857142857 0.25 0.392857142857143
16 E 24 7 8 9 0.291666666666667 0.333333333333333 0.375
17 E 26 8 11 7 0.307692307692308 0.423076923076923 0.269230769230769
18 E 26 6 11 9 0.230769230769231 0.423076923076923 0.346153846153846
19 E 31 5 13 13 0.161290322580645 0.419354838709677 0.419354838709677
20 E 38 5 13 20 0.131578947368421 0.342105263157895 0.526315789473684
21 E 14 4 5 5 0.285714285714286 0.357142857142857 0.357142857142857
22 E 21 3 11 7 0.142857142857143 0.523809523809524 0.333333333333333
23 E 31 5 9 17 0.161290322580645 0.290322580645161 0.548387096774194
24 E 19 0 9 10 0 0.473684210526316 0.526315789473684
25 E 27 1 16 10 0.037037037037037 0.592592592592593 0.37037037037037
26 E 40 15 23 2 0.375 0.575 0.05
27 E 24 10 13 1 0.416666666666667 0.541666666666667 0.0416666666666667
28 E 19 7 11 1 0.368421052631579 0.578947368421053 0.0526315789473684
29 E 24 5 16 3 0.208333333333333 0.666666666666667 0.125
30 E 28 3 16 9 0.107142857142857 0.571428571428571 0.321428571428571
31 E 18 0 16 2 0 0.888888888888889 0.111111111111111
32 E 17 1 11 5 0.0588235294117647 0.647058823529412 0.294117647058824
33 E 25 0 12 13 0 0.48 0.52
34 E 23 2 14 7 0.0869565217391304 0.608695652173913 0.304347826086957
35 E 20 2 13 5 0.1 0.65 0.25
36 E 26 2 10 14 0.0769230769230769 0.384615384615385 0.538461538461538
37 E 27 1 14 12 0.037037037037037 0.518518518518518 0.444444444444444
38 E 13 1 9 3 0.0769230769230769 0.692307692307692 0.230769230769231
39 E 14 3 6 5 0.214285714285714 0.428571428571429 0.357142857142857
40 E 14 2 7 5 0.142857142857143 0.5 0.357142857142857
41 E 22 4 11 7 0.181818181818182 0.5 0.318181818181818
42 E 32 5 11 16 0.15625 0.34375 0.5
43 E 30 8 15 7 0.266666666666667 0.5 0.233333333333333
44 E 36 3 15 18 0.0833333333333333 0.416666666666667 0.5
45 E 35 1 6 28 0.0285714285714286 0.171428571428571 0.8
46 E 41 0 1 40 0 0.024390243902439 0.975609756097561
47 E 36 0 6 30 0 0.166666666666667 0.833333333333333
48 E 42 0 20 22 0 0.476190476190476 0.523809523809524
49 E 36 5 22 9 0.138888888888889 0.611111111111111 0.25
50 E 35 16 18 1 0.457142857142857 0.514285714285714 0.0285714285714286
51 E 25 9 15 1 0.36 0.6 0.04
52 E 23 4 17 2 0.173913043478261 0.739130434782609 0.0869565217391304
53 E 34 1 27 6 0.0294117647058824 0.794117647058823 0.176470588235294
54 E 36 1 28 7 0.0277777777777778 0.777777777777778 0.194444444444444
55 E 38 2 22 14 0.0526315789473684 0.578947368421053 0.368421052631579
56 E 39 2 19 18 0.0512820512820513 0.487179487179487 0.461538461538462
57 E 29 4 17 8 0.137931034482759 0.586206896551724 0.275862068965517
58 E 27 4 12 11 0.148148148148148 0.444444444444444 0.407407407407407
59 E 31 0 10 21 0 0.32258064516129 0.67741935483871
60 E 35 1 8 26 0.0285714285714286 0.228571428571429 0.742857142857143
61 E 28 4 9 15 0.142857142857143 0.321428571428571 0.535714285714286
62 E 35 4 12 19 0.114285714285714 0.342857142857143 0.542857142857143
63 E 34 0 10 24 0 0.294117647058824 0.705882352941177
64 E 41 1 8 32 0.024390243902439 0.195121951219512 0.780487804878049
65 E 20 3 9 8 0.15 0.45 0.4
66 E 21 2 13 6 0.0952380952380952 0.619047619047619 0.285714285714286
67 E 27 3 11 13 0.111111111111111 0.407407407407407 0.481481481481481
68 E 16 3 6 7 0.1875 0.375 0.4375
69 E 31 1 11 19 0.032258064516129 0.354838709677419 0.612903225806452
70 E 21 2 10 9 0.0952380952380952 0.476190476190476 0.428571428571429
71 E 23 0 3 20 0 0.130434782608696 0.869565217391304
72 E 14 0 2 12 0 0.142857142857143 0.857142857142857
73 E 16 0 4 12 0 0.25 0.75
74 E 23 2 3 18 0.0869565217391304 0.130434782608696 0.782608695652174
75 E 27 6 7 14 0.222222222222222 0.259259259259259 0.518518518518518
76 E 51 7 16 28 0.137254901960784 0.313725490196078 0.549019607843137
77 E 27 3 12 12 0.111111111111111 0.444444444444444 0.444444444444444
78 E 14 1 6 7 0.0714285714285714 0.428571428571429 0.5
79 E 32 0 10 22 0 0.3125 0.6875
80 E 24 0 16 8 0 0.666666666666667 0.333333333333333
81 E 25 0 13 12 0 0.52 0.48
82 E 15 0 8 7 0 0.533333333333333 0.466666666666667
83 E 24 0 12 12 0 0.5 0.5
84 E 34 0 9 25 0 0.264705882352941 0.735294117647059
85 E 22 0 12 10 0 0.545454545454545 0.454545454545455
86 E 19 1 10 8 0.0526315789473684 0.526315789473684 0.421052631578947
87 E 18 1 11 6 0.0555555555555556 0.611111111111111 0.333333333333333
88 E 32 1 12 19 0.03125 0.375 0.59375
89 E 27 1 16 10 0.037037037037037 0.592592592592593 0.37037037037037
90 E 18 1 14 3 0.0555555555555556 0.777777777777778 0.166666666666667
91 E 24 1 13 10 0.0416666666666667 0.541666666666667 0.416666666666667
92 E 37 6 18 13 0.162162162162162 0.486486486486487 0.351351351351351
93 E 19 3 14 2 0.157894736842105 0.736842105263158 0.105263157894737
94 E 13 1 10 2 0.0769230769230769 0.769230769230769 0.153846153846154
95 E 11 2 8 1 0.181818181818182 0.727272727272727 0.0909090909090909
96 E 19 3 14 2 0.157894736842105 0.736842105263158 0.105263157894737
97 E 6 0 6 0 0 1 0
98 E 8 0 8 0 0 1 0
99 E 11 1 9 1 0.0909090909090909 0.818181818181818 0.0909090909090909
100 E 22 2 17 3 0.0909090909090909 0.772727272727273 0.136363636363636
101 E 27 5 15 7 0.185185185185185 0.555555555555556 0.259259259259259
102 E 36 5 19 12 0.138888888888889 0.527777777777778 0.333333333333333
103 E 39 0 11 28 0 0.282051282051282 0.717948717948718
104 E 33 0 2 31 0 0.0606060606060606 0.939393939393939
105 E 33 0 3 30 0 0.0909090909090909 0.909090909090909
106 E 41 1 8 32 0.024390243902439 0.195121951219512 0.780487804878049
107 E 40 8 17 15 0.2 0.425 0.375
108 E 38 7 19 12 0.184210526315789 0.5 0.315789473684211
109 E 47 4 17 26 0.0851063829787234 0.361702127659574 0.553191489361702
110 E 32 6 13 13 0.1875 0.40625 0.40625
111 E 30 7 16 7 0.233333333333333 0.533333333333333 0.233333333333333
112 E 19 4 9 6 0.210526315789474 0.473684210526316 0.315789473684211
113 E 10 1 8 1 0.1 0.8 0.1
114 E 29 1 17 11 0.0344827586206897 0.586206896551724 0.379310344827586
115 E 17 0 15 2 0 0.882352941176471 0.117647058823529
116 E 26 0 22 4 0 0.846153846153846 0.153846153846154
117 E 34 0 22 12 0 0.647058823529412 0.352941176470588
118 E 32 1 22 9 0.03125 0.6875 0.28125
119 E 33 3 26 4 0.0909090909090909 0.787878787878788 0.121212121212121
120 E 41 1 29 11 0.024390243902439 0.707317073170732 0.268292682926829
121 E 28 0 12 16 0 0.428571428571429 0.571428571428571
122 E 33 6 16 11 0.181818181818182 0.484848484848485 0.333333333333333
123 E 29 6 18 5 0.206896551724138 0.620689655172414 0.172413793103448
124 E 28 1 15 12 0.0357142857142857 0.535714285714286 0.428571428571429
125 E 32 1 17 14 0.03125 0.53125 0.4375
126 E 18 1 15 2 0.0555555555555556 0.833333333333333 0.111111111111111
127 E 17 1 12 4 0.0588235294117647 0.705882352941177 0.235294117647059
128 E 25 4 16 5 0.16 0.64 0.2
129 E 31 4 21 6 0.129032258064516 0.67741935483871 0.193548387096774
130 E 19 2 10 7 0.105263157894737 0.526315789473684 0.368421052631579
131 E 16 4 11 1 0.25 0.6875 0.0625
132 E 34 3 17 14 0.0882352941176471 0.5 0.411764705882353
133 E 35 1 18 16 0.0285714285714286 0.514285714285714 0.457142857142857
134 E 32 0 5 27 0 0.15625 0.84375
135 E 37 0 2 35 0 0.0540540540540541 0.945945945945946
136 E 36 0 3 33 0 0.0833333333333333 0.916666666666667
137 E 47 2 19 26 0.0425531914893617 0.404255319148936 0.553191489361702
138 E 42 3 20 19 0.0714285714285714 0.476190476190476 0.452380952380952
139 E 29 6 18 5 0.206896551724138 0.620689655172414 0.172413793103448
140 E 37 6 24 7 0.162162162162162 0.648648648648649 0.189189189189189
141 E 34 1 17 16 0.0294117647058824 0.5 0.470588235294118
142 E 16 2 9 5 0.125 0.5625 0.3125
143 E 26 4 15 7 0.153846153846154 0.576923076923077 0.269230769230769
144 E 29 3 11 15 0.103448275862069 0.379310344827586 0.517241379310345
145 E 22 4 14 4 0.181818181818182 0.636363636363636 0.181818181818182
146 E 20 8 9 3 0.4 0.45 0.15
147 E 35 15 15 5 0.428571428571429 0.428571428571429 0.142857142857143
148 E 40 7 15 18 0.175 0.375 0.45
149 E 31 6 12 13 0.193548387096774 0.387096774193548 0.419354838709677
150 E 33 8 21 4 0.242424242424242 0.636363636363636 0.121212121212121
151 E 30 4 19 7 0.133333333333333 0.633333333333333 0.233333333333333
152 E 26 3 10 13 0.115384615384615 0.384615384615385 0.5
153 E 23 4 8 11 0.173913043478261 0.347826086956522 0.478260869565217
154 E 22 1 3 18 0.0454545454545455 0.136363636363636 0.818181818181818
155 E 18 0 3 15 0 0.166666666666667 0.833333333333333
156 E 21 2 12 7 0.0952380952380952 0.571428571428571 0.333333333333333
157 E 30 4 16 10 0.133333333333333 0.533333333333333 0.333333333333333
158 E 34 10 20 4 0.294117647058824 0.588235294117647 0.117647058823529
159 E 13 4 8 1 0.307692307692308 0.615384615384615 0.0769230769230769
160 E 27 13 13 1 0.481481481481481 0.481481481481481 0.037037037037037
161 E 18 5 11 2 0.277777777777778 0.611111111111111 0.111111111111111
162 E 14 3 9 2 0.214285714285714 0.642857142857143 0.142857142857143
163 E 19 6 11 2 0.315789473684211 0.578947368421053 0.105263157894737
164 E 35 13 18 4 0.371428571428571 0.514285714285714 0.114285714285714
165 E 29 6 16 7 0.206896551724138 0.551724137931034 0.241379310344828
166 E 17 2 10 5 0.117647058823529 0.588235294117647 0.294117647058824
167 E 19 4 13 2 0.210526315789474 0.684210526315789 0.105263157894737
168 E 32 4 17 11 0.125 0.53125 0.34375
169 E 31 0 14 17 0 0.451612903225806 0.548387096774194
170 E 18 3 11 4 0.166666666666667 0.611111111111111 0.222222222222222
171 E 22 2 14 6 0.0909090909090909 0.636363636363636 0.272727272727273
172 E 35 1 12 22 0.0285714285714286 0.342857142857143 0.628571428571429
173 E 31 1 8 22 0.032258064516129 0.258064516129032 0.709677419354839
174 E 15 2 7 6 0.133333333333333 0.466666666666667 0.4
175 E 20 1 11 8 0.05 0.55 0.4
176 E 27 0 6 21 0 0.222222222222222 0.777777777777778
177 E 21 0 8 13 0 0.380952380952381 0.619047619047619
178 E 18 1 11 6 0.0555555555555556 0.611111111111111 0.333333333333333
179 E 27 4 7 16 0.148148148148148 0.259259259259259 0.592592592592593
180 E 28 2 10 16 0.0714285714285714 0.357142857142857 0.571428571428571
181 E 15 2 8 5 0.133333333333333 0.533333333333333 0.333333333333333
182 E 11 2 4 5 0.181818181818182 0.363636363636364 0.454545454545455
183 E 16 4 6 6 0.25 0.375 0.375
184 E 13 3 6 4 0.230769230769231 0.461538461538462 0.307692307692308
185 E 22 1 8 13 0.0454545454545455 0.363636363636364 0.590909090909091
186 E 19 0 5 14 0 0.263157894736842 0.736842105263158
187 E 21 0 1 20 0 0.0476190476190476 0.952380952380952
188 E 13 1 1 11 0.0769230769230769 0.0769230769230769 0.846153846153846
189 E 13 2 1 10 0.153846153846154 0.0769230769230769 0.769230769230769
190 E 18 1 3 14 0.0555555555555556 0.166666666666667 0.777777777777778
191 E 14 1 4 9 0.0714285714285714 0.285714285714286 0.642857142857143
192 E 25 1 6 18 0.04 0.24 0.72
193 E 32 0 1 31 0 0.03125 0.96875
194 E 25 0 8 17 0 0.32 0.68
195 E 15 0 5 10 0 0.333333333333333 0.666666666666667
196 E 29 2 6 21 0.0689655172413793 0.206896551724138 0.724137931034483
197 E 37 2 8 27 0.0540540540540541 0.216216216216216 0.72972972972973
198 E 16 2 7 7 0.125 0.4375 0.4375
199 E 15 3 7 5 0.2 0.466666666666667 0.333333333333333
200 E 20 3 12 5 0.15 0.6 0.25
201 E 23 2 10 11 0.0869565217391304 0.434782608695652 0.478260869565217
202 E 21 0 17 4 0 0.80952380952381 0.19047619047619
203 E 33 0 26 7 0 0.787878787878788 0.212121212121212
204 E 39 0 21 18 0 0.538461538461538 0.461538461538462
205 E 30 1 19 10 0.0333333333333333 0.633333333333333 0.333333333333333
206 E 29 2 21 6 0.0689655172413793 0.724137931034483 0.206896551724138
207 E 31 1 17 13 0.032258064516129 0.548387096774194 0.419354838709677
208 E 32 3 17 12 0.09375 0.53125 0.375
209 E 30 4 17 9 0.133333333333333 0.566666666666667 0.3
210 E 24 3 17 4 0.125 0.708333333333333 0.166666666666667
211 E 25 3 11 11 0.12 0.44 0.44
212 E 23 6 11 6 0.260869565217391 0.478260869565217 0.260869565217391
213 E 16 4 10 2 0.25 0.625 0.125
214 E 19 3 12 4 0.157894736842105 0.631578947368421 0.210526315789474
215 E 19 5 9 5 0.263157894736842 0.473684210526316 0.263157894736842
216 E 7 2 5 0 0.285714285714286 0.714285714285714 0
217 E 10 1 7 2 0.1 0.7 0.2
218 E 18 2 8 8 0.111111111111111 0.444444444444444 0.444444444444444
219 E 21 2 5 14 0.0952380952380952 0.238095238095238 0.666666666666667
220 E 28 4 5 19 0.142857142857143 0.178571428571429 0.678571428571429
221 E 18 4 6 8 0.222222222222222 0.333333333333333 0.444444444444444
222 E 13 2 5 6 0.153846153846154 0.384615384615385 0.461538461538462
223 E 21 2 12 7 0.0952380952380952 0.571428571428571 0.333333333333333
224 E 14 0 6 8 0 0.428571428571429 0.571428571428571
225 E 9 0 5 4 0 0.555555555555556 0.444444444444444
226 E 4 0 3 1 0 0.75 0.25
227 E 3 0 1 2 0 0.333333333333333 0.666666666666667
228 E 5 0 2 3 0 0.4 0.6
233 E 9 5 3 1 0.555555555555556 0.333333333333333 0.111111111111111
234 E 9 4 3 2 0.444444444444444 0.333333333333333 0.222222222222222
235 E 29 7 12 10 0.241379310344828 0.413793103448276 0.344827586206897
236 E 18 8 6 4 0.444444444444444 0.333333333333333 0.222222222222222
237 E 20 8 10 2 0.4 0.5 0.1
238 E 30 4 12 14 0.133333333333333 0.4 0.466666666666667
239 E 27 3 11 13 0.111111111111111 0.407407407407407 0.481481481481481
240 E 20 6 10 4 0.3 0.5 0.2
241 E 37 7 18 12 0.189189189189189 0.486486486486487 0.324324324324324
242 E 34 0 11 23 0 0.323529411764706 0.676470588235294
243 E 19 1 9 9 0.0526315789473684 0.473684210526316 0.473684210526316
244 E 15 0 9 6 0 0.6 0.4
245 E 20 0 10 10 0 0.5 0.5
246 E 25 2 13 10 0.08 0.52 0.4
247 E 23 1 11 11 0.0434782608695652 0.478260869565217 0.478260869565217
248 E 17 2 11 4 0.117647058823529 0.647058823529412 0.235294117647059
249 E 27 4 15 8 0.148148148148148 0.555555555555556 0.296296296296296
250 E 43 2 18 23 0.0465116279069767 0.418604651162791 0.534883720930233
251 E 27 3 13 11 0.111111111111111 0.481481481481481 0.407407407407407
252 E 15 3 9 3 0.2 0.6 0.2
253 E 28 3 11 14 0.107142857142857 0.392857142857143 0.5
254 E 42 6 18 18 0.142857142857143 0.428571428571429 0.428571428571429
255 E 25 7 13 5 0.28 0.52 0.2
256 E 17 4 9 4 0.235294117647059 0.529411764705882 0.235294117647059
257 E 24 7 12 5 0.291666666666667 0.5 0.208333333333333
258 E 34 6 18 10 0.176470588235294 0.529411764705882 0.294117647058824
259 E 13 3 7 3 0.230769230769231 0.538461538461538 0.230769230769231
260 E 25 6 15 4 0.24 0.6 0.16
261 E 36 4 20 12 0.111111111111111 0.555555555555556 0.333333333333333
262 E 35 4 22 9 0.114285714285714 0.628571428571429 0.257142857142857
263 E 24 5 16 3 0.208333333333333 0.666666666666667 0.125
264 E 31 5 16 10 0.161290322580645 0.516129032258065 0.32258064516129
265 E 40 1 22 17 0.025 0.55 0.425
266 E 35 4 20 11 0.114285714285714 0.571428571428571 0.314285714285714
267 E 21 4 9 8 0.19047619047619 0.428571428571429 0.380952380952381
268 E 33 3 10 20 0.0909090909090909 0.303030303030303 0.606060606060606
269 E 31 3 8 20 0.0967741935483871 0.258064516129032 0.645161290322581
270 E 19 7 6 6 0.368421052631579 0.315789473684211 0.315789473684211
271 E 21 8 4 9 0.380952380952381 0.19047619047619 0.428571428571429
272 E 25 3 5 17 0.12 0.2 0.68
273 E 22 5 6 11 0.227272727272727 0.272727272727273 0.5
274 E 8 3 2 3 0.375 0.25 0.375
275 E 17 2 8 7 0.117647058823529 0.470588235294118 0.411764705882353
276 E 30 4 11 15 0.133333333333333 0.366666666666667 0.5
277 E 24 4 12 8 0.166666666666667 0.5 0.333333333333333
278 E 14 2 3 9 0.142857142857143 0.214285714285714 0.642857142857143
279 E 15 1 6 8 0.0666666666666667 0.4 0.533333333333333
280 E 30 2 13 15 0.0666666666666667 0.433333333333333 0.5
281 E 31 1 8 22 0.032258064516129 0.258064516129032 0.709677419354839
282 E 22 0 7 15 0 0.318181818181818 0.681818181818182
283 E 21 1 11 9 0.0476190476190476 0.523809523809524 0.428571428571429
284 E 33 1 11 21 0.0303030303030303 0.333333333333333 0.636363636363636
285 E 34 1 15 18 0.0294117647058824 0.441176470588235 0.529411764705882
286 E 25 4 15 6 0.16 0.6 0.24
287 E 29 6 16 7 0.206896551724138 0.551724137931034 0.241379310344828
288 E 41 3 24 14 0.0731707317073171 0.585365853658537 0.341463414634146
289 E 53 7 37 9 0.132075471698113 0.69811320754717 0.169811320754717
290 E 22 8 14 0 0.363636363636364 0.636363636363636 0
291 E 31 6 25 0 0.193548387096774 0.806451612903226 0
292 E 51 3 42 6 0.0588235294117647 0.823529411764706 0.117647058823529
293 E 45 6 36 3 0.133333333333333 0.8 0.0666666666666667
294 E 30 2 20 8 0.0666666666666667 0.666666666666667 0.266666666666667
295 E 38 0 29 9 0 0.763157894736842 0.236842105263158
296 E 22 0 15 7 0 0.681818181818182 0.318181818181818
297 E 14 0 5 9 0 0.357142857142857 0.642857142857143
298 E 17 0 12 5 0 0.705882352941177 0.294117647058824
299 E 6 0 4 2 0 0.666666666666667 0.333333333333333
300 E 16 1 11 4 0.0625 0.6875 0.25
301 E 35 1 22 12 0.0285714285714286 0.628571428571429 0.342857142857143
302 E 39 5 22 12 0.128205128205128 0.564102564102564 0.307692307692308
303 E 27 1 15 11 0.037037037037037 0.555555555555556 0.407407407407407
304 E 34 0 21 13 0 0.617647058823529 0.382352941176471
305 E 38 0 15 23 0 0.394736842105263 0.605263157894737
306 E 34 1 11 22 0.0294117647058824 0.323529411764706 0.647058823529412
307 E 16 0 8 8 0 0.5 0.5
308 E 26 1 9 16 0.0384615384615385 0.346153846153846 0.615384615384615
309 E 32 0 6 26 0 0.1875 0.8125
310 E 26 0 6 20 0 0.230769230769231 0.769230769230769
311 E 20 1 9 10 0.05 0.45 0.5
312 E 34 1 12 21 0.0294117647058824 0.352941176470588 0.617647058823529
313 E 30 0 6 24 0 0.2 0.8
314 E 16 1 6 9 0.0625 0.375 0.5625
315 E 16 3 8 5 0.1875 0.5 0.3125
316 E 27 2 11 14 0.0740740740740741 0.407407407407407 0.518518518518518
317 E 17 3 9 5 0.176470588235294 0.529411764705882 0.294117647058824
318 E 19 2 10 7 0.105263157894737 0.526315789473684 0.368421052631579
319 E 9 2 5 2 0.222222222222222 0.555555555555556 0.222222222222222
